-0.04728673416528795, -0.05728989381997723, -1.1102230246251565e-16, 0.04208059523868041, 0.047286734165287725, -0.05728989381997723, 0.0, 0.0, 0.542907140679494, 0.8282870304902026, 0.0, 0.0, 
1

-0.04227086792452872, -0.05661044654088032, 0.0015951320754712395, 0.04070155345911969, 0.03289313207547129, -0.05477644654088032, -0.0005781320754715269, 0.0017870417795606275, 0.542127494318324, 0.7922658527449555, -0.03917089205545315, 1.0, 
3

-0.04515079874213823, -0.05481639622641504, 0.006531201257861774, 0.04450360377358492, 0.020757201257861846, -0.05872639622641507, -0.00041506918239053725, 0.005874949685534758, 0.5384953854895892, 0.6943010764234838, -0.10654560783731973, 2.0, 
0

-0.05179990566037762, -0.04793003773584925, 0.011319094339622415, 0.04656596226415077, 0.02641009433962238, -0.06790403773584924, -0.0005396241113634348, -0.002817196719103632, 0.5407803482076357, 0.5983523589338582, -0.0927354531232962, 3.0, 
0

-0.0695864150943396, -0.0360128679245284, 0.011787584905660453, 0.03886013207547162, 0.043121584905660426, -0.07309586792452838, -0.0037016895266580585, -0.015217110905932252, 0.5537921201915001, 0.526366055435867, -0.05606040412262419, 0.0, 
0

-0.07394298742138372, -0.029151477987421348, 0.009644012578616246, 0.027887522012578603, 0.03930801257861627, -0.06746147798742136, -0.0024111121790220125, -0.006323536917585304, 0.5598743783702683, 0.48260434775973204, -0.03843217854672087, 1.0, 
0

-0.06700383018867917, -0.037942176100629055, 0.014512169811320752, 0.03951582389937097, 0.024331169811320774, -0.06851817610062905, 0.001466643361754949, 0.0028082419196576724, 0.556882520012301, 0.46545672266642224, -0.019013994825015243, 2.0, 
0

-0.06149138364779905, -0.04077760377358469, 0.01627161635220098, 0.04431839622641531, 0.01902161635220101, -0.0693776037735847, 0.002870798065508051, 0.005540558478075941, 0.5510021882279503, 0.46931207259110175, 8.542026418622038e-05, 3.0, 
0

-0.07273128930817652, -0.03115144654088059, 0.016556710691823517, 0.03999855345911946, 0.030188710691823495, -0.07477644654088056, -0.0014304585374323997, -0.007752543831784919, 0.5573512621736283, 0.4202932408747286, -0.04058624783575762, 0.0, 
0

-0.06441499371069193, -0.026845031446540712, 0.013358006289308055, 0.028704968553459276, 0.020686006289308057, -0.06534203144654072, -0.00027033313409807747, -0.003153424268562799, 0.5597195141991205, 0.3734436926048417, -0.04309032367989951, 1.0, 
0

-0.05921555345911933, -0.03546378616352208, 0.01958544654088068, 0.03854021383647793, 0.005859446540880664, -0.06639178616352209, 0.005048772630982912, 0.007654016875280889, 0.5507870769559962, 0.34255001124219675, -0.03462215621182343, 2.0, 
3

-0.04482542138364776, -0.040310748427673126, 0.022483578616352307, 0.040586251572326926, -0.0098284213836477, -0.06044074842767311, 0.008641243289867151, 0.013449388588077427, 0.5352790265387287, 0.313982057365598, -0.035714489086791444, 3.0, 
3

-0.039280371069182474, -0.03865038364779888, 0.023401628930817542, 0.03807561635220108, -0.016690371069182475, -0.05396038364779887, 0.006608387917981018, 0.009165117315240168, 0.5241989850922465, 0.2729560269650506, -0.045206127031907004, 0.0, 
3

-0.04681174842767255, -0.037387830188679416, 0.025572251572327453, 0.03852816981132057, -0.016444748427672518, -0.05668883018867937, 0.006709767180146153, 0.007754874632429465, 0.5140083831516817, 0.24028817068726557, -0.034873404738852795, 1.0, 
3

-0.0501141069182387, -0.03516632075471693, 0.026436893081761226, 0.03722167924528308, -0.01705410691823872, -0.0555623207547169, 0.006140576980379175, 0.005535753346416872, 0.5057414005052466, 0.2085003232167485, -0.03160971500409634, 2.0, 
0

-0.06515902515723271, -0.025873584905660163, 0.02851197484276735, 0.03741941509433988, -0.008974025157232668, -0.06623258490566014, 0.0038618308538179713, 0.0015992486274257756, 0.5018200371834132, 0.1720936989223218, -0.033534022179295714, 3.0, 
0

-0.0830001194968556, -0.0037114528301886995, 0.025878880503144464, 0.031165547169811347, 0.011026880503144376, -0.08187245283018868, -0.003307445062727954, -0.00887354073272062, 0.5102961512421282, 0.12187209695656298, -0.04187623441159444, 0.0, 
0

-0.08166308176100578, 0.004054962264151141, 0.01939991823899412, 0.021532962264151134, 0.012574918238994148, -0.07949903773584888, 0.0009078131284400159, -0.0032123337039321465, 0.5118477306668496, 0.07574020989742787, -0.04034865323419965, 1.0, 
0

-0.07617697484276709, -0.00700654088050312, 0.028465025157232926, 0.030039459119496903, -0.002787974842767049, -0.0752255408805031, 0.0072919649495309935, 0.004112955624001824, 0.5037364740149018, 0.04649917412493727, -0.025158835302562257, 2.0, 
0

-0.07407554716981124, -0.008598440251572304, 0.0328224528301887, 0.03266255974842769, -0.009182547169811262, -0.07396744025157226, 0.00986068441716148, 0.006113601689572423, 0.49239718781840197, 0.012222138997356297, -0.029346514031467093, 3.0, 
0

-0.08417864779874251, 0.007544371069182487, 0.029816352201257446, 0.02841637106918249, 0.003075352201257431, -0.08366162893081747, -0.00011693932673406682, -0.0033469828545165115, 0.4948182337995931, -0.014060614615731775, -0.02159484163706379, 0.0, 
0

-0.07725028301886816, 0.007180628930817501, 0.021567716981131912, 0.020469628930817496, 0.002966716981131823, -0.07786837106918254, 0.002791239496494291, -0.0004314295308700533, 0.4931321347773009, -0.020726936919742575, -0.0020792763048281845, 1.0, 
0

-0.07344577987421386, -0.00583076100628932, 0.03067622012578608, 0.028867238993710687, -0.010484779874213812, -0.07251176100628931, 0.010275530222420226, 0.006462089107695745, 0.4812896920469111, -0.03045276762188068, -0.004255724397385496, 2.0, 
0

-0.07137756603773593, -0.009501283018867879, 0.035292433962264114, 0.03156371698113214, -0.017416566037735892, -0.06892028301886788, 0.013966022097690378, 0.008336960107557245, 0.4655364528716613, -0.06434865237706223, -0.025343003747290642, 3.0, 
0

-0.07992133333333318, 0.003926559748427705, 0.03303166666666679, 0.028624559748427703, -0.007874333333333206, -0.07773244025157222, 0.0030379679297788398, -0.0016848007028350542, 0.4646205483662507, -0.08719664017137675, -0.015642823155537396, 0.0, 
0

-0.07035632075471698, 0.003149716981131756, 0.02400167924528296, 0.020340716981131823, -0.00797132075471707, -0.06848928301886814, 0.0055439035857864916, 0.0004103506586365935, 0.4604831112796489, -0.10624056814417063, -0.011017054310755262, 1.0, 
0

-0.06904196855345923, -0.007018572327043726, 0.0325390314465408, 0.02745542767295628, -0.01881596855345924, -0.06686357232704376, 0.014365019063555473, 0.007617121548424977, 0.44508737578911084, -0.11994973322846943, -0.0021582341926311803, 2.0, 
0

-0.07016242138364759, -0.008673037735849265, 0.03719757861635242, 0.03079596226415071, -0.02144442138364766, -0.06732003773584927, 0.018440007550207582, 0.010237477037519871, 0.42507734854723533, -0.14461671282283328, -0.009341010911019697, 3.0, 
0

-0.07785993081761033, 0.003265559748427904, 0.034119069182389716, 0.028019559748427958, -0.012014930817610292, -0.075902440251572, 0.006101964795133585, -0.00042155505652097247, 0.42132729500400307, -0.16000733908391912, -0.0039726091330162085, 0.0, 
0

-0.06889072327044021, 0.004030150943396094, 0.024259276729559742, 0.019877150943396038, -0.009525723270440212, -0.06849984905660389, 0.00881285452070757, 0.0015563296675430438, 0.41436561595083254, -0.17458151083322315, -0.0011153444189437175, 1.0, 
0

-0.07014079874213797, -0.0038754213836476037, 0.032852201257862035, 0.026551578616352378, -0.018846798742138016, -0.06861542138364762, 0.017328439241810822, 0.008052215339920843, 0.39704414060456106, -0.20117841980836124, -0.006707681629778484, 2.0, 
0

-0.07211832704402443, -0.0038811949685531033, 0.03759467295597563, 0.029471805031446863, -0.020922327044024414, -0.06942019496855312, 0.020987877751997286, 0.010333978399091115, 0.375838515706575, -0.24161427028339214, -0.014860316764548664, 3.0, 
0

-0.08022122641509433, 0.010362062893081836, 0.03365777358490574, 0.026087062893081825, -0.00988622641509429, -0.07959693710691818, 0.008260907515325044, 0.00013534419626359817, 0.3706945591706458, -0.26445190185327677, -0.0055160296154985475, 0.0, 
0

-0.07476572327044007, 0.013712339622641623, 0.02383727672955993, 0.018300339622641548, -0.006177723270440083, -0.07696066037735838, 0.01098082580030102, 0.0017615536627693107, 0.3627516205638811, -0.2902866258237722, -0.00460713740737964, 1.0, 
0

-0.07455142767295597, 0.005587672955974954, 0.033049572327044086, 0.024505672955974944, -0.01632042767295605, -0.07460532704402512, 0.01825200540503502, 0.006906551990053411, 0.3466299236743057, -0.33801740693096566, -0.016717948917019748, 2.0, 
3

-0.06505540251572306, -0.007186264150943811, 0.036211597484276936, 0.025690735849056234, -0.028435402515723074, -0.06017626415094379, 0.022508888369774827, 0.00937069932226764, 0.3265312880652668, -0.4000257901580299, -0.02097964890124893, 3.0, 
3

-0.05920564150943364, -0.01145795597484267, 0.035901358490566304, 0.024606044025157314, -0.03225864150943358, -0.051717955974842744, 0.020043394783798796, 0.0067291481155520305, 0.3105616769765709, -0.459742699893854, -0.016202013676470697, 0.0, 
3

-0.06307582389937105, -0.008914628930817514, 0.038057176100628975, 0.02504337106918253, -0.03325482389937107, -0.05474062893081755, 0.01912919951680636, 0.005546635591692328, 0.29670926309339746, -0.5257263438803103, -0.018835140350697412, 1.0, 
3

-0.062100408805031315, -0.007811930817609891, 0.03765059119496872, 0.02374806918239014, -0.033899408805031284, -0.05317693081760988, 0.016883071843388553, 0.0036555780785741954, 0.28621444585090255, -0.5921020754382853, -0.019287971978800115, 2.0, 
3

-0.06419680503144687, -0.003782559748427783, 0.03775719496855312, 0.02280744025157222, -0.033352805031446886, -0.05559155974842778, 0.015610950916545852, 0.002510020696592008, 0.2779271753429133, -0.659176781404845, -0.019326551453877624, 3.0, 
3

-0.06791505660377384, 0.0021659308176101844, 0.038223943396226145, 0.022124930817610133, -0.03202605660377378, -0.06027206918238981, 0.014611461492757494, 0.0016508134601632696, 0.27144079473212024, -0.7259199897854832, -0.018692860411877458, 0.0, 
2

-0.059430062893081725, -0.0025372955974841682, 0.03507993710691837, 0.02123970440251588, -0.03196006289308162, -0.05887329559748422, 0.015282448524975178, 0.0010832339201557462, 0.26598019795431044, -0.7594750390049299, 0.019725557195003286, 1.0, 
3

-0.05855295597484256, -0.008962911949685681, 0.03608704402515728, 0.02599608805031428, -0.02804295597484252, -0.06731991194968567, 0.01843113439710442, 0.002551112950983536, 0.2592234754501159, -0.7456724771209016, 0.07983903034837232, 2.0, 
3

-0.06106245283018863, -0.013799836477986771, 0.03545754716981131, 0.028725163522013264, -0.026922452830188792, -0.06213783647798676, 0.01671709376854036, 0.0021516900974801745, 0.25428068719605884, -0.7518280275285006, 0.056618456109844235, 3.0, 
3

-0.058875220125786276, -0.018446025157232704, 0.03264477987421377, 0.028905974842767357, -0.02533522012578615, -0.05446202515723264, 0.015099266154541713, 5.0997223687287985e-05, 0.2525945722928305, -0.7671996097498933, 0.04384294660586342, 0.0, 
2

-0.051576226415094295, -0.02477106289308173, 0.030233773584905643, 0.03142593710691832, -0.022666226415094304, -0.056965062893081675, 0.017065943349355628, 0.0009596572559839034, 0.2508657618556431, -0.7547652942257661, 0.08000105630901944, 1.0, 
3

-0.042613836477987777, -0.0339386037735846, 0.026166163522012287, 0.037564396226415386, -0.014953836477987759, -0.06409360377358464, 0.01874051156631329, 0.003496733240736627, 0.24786387408866434, -0.6726338889613933, 0.15764698823100393, 2.0, 
3

-0.03838018867924542, -0.041891314465408835, 0.02119981132075477, 0.04168368553459112, -0.010400188679245304, -0.06108631446540891, 0.016296734458409068, 0.0029752314899942345, 0.24649034400277856, -0.6015121163733622, 0.13792484837485464, 3.0, 
3

-0.030969119496855102, -0.04736838993710679, 0.015310880503144997, 0.04284761006289328, -0.00653911949685515, -0.05542838993710675, 0.014786300289821419, 0.0011986739096055965, 0.24767722886201918, -0.534067047425103, 0.12730128949697567, 0.0, 
3

-0.02903345911949673, -0.052304553459119885, 0.010466540880503361, 0.045269446540880054, 0.0018765408805032635, -0.05715155345911993, 0.014078193006776374, 0.001209582277053034, 0.24955642334700484, -0.47442477793183224, 0.11597995136769783, 1.0, 
3

-0.023507735849056965, -0.0540824528301892, 0.005932264150942945, 0.046019547169810826, 0.008742264150942924, -0.057881452830189195, 0.013014101044252824, 0.0004318744689733034, 0.25264287211980135, -0.4257977660750712, 0.099012434845188, 2.0, 
0

-0.028987421383647627, -0.05708169182389944, 0.0019325786163524317, 0.048037308176100524, 0.02686257861635233, -0.06136069182389947, 0.012074958208145414, -0.0034245003175640276, 0.25967150906362974, -0.3784074342580124, 0.08799139611065697, 3.0, 
0

-0.04716981132075415, -0.057607037735848965, -0.0005898113207540856, 0.04293996226415098, 0.05217018867924583, -0.05769103773584905, 0.011722578897036762, -0.017091385463274933, 0.2797360372222871, -0.3437250542114631, 0.05394395808873961, 0.0, 
0

-0.04459591194968504, -0.05282237735849071, -0.0012859119496850813, 0.03183662264150933, 0.049064088050314814, -0.04944537735849064, 0.012370664393127173, -0.007746668497803921, 0.2914567240233071, -0.34755696884314813, 0.026634165905457138, 1.0, 
0

-0.03542440251572332, -0.059933314465408616, -0.0024244025157234006, 0.043192685534591435, 0.04052559748427664, -0.05516631446540854, 0.012236878335547763, 0.0049743604109165895, 0.2917799704503225, -0.3771417200297985, 0.015702073735562795, 2.0, 
0

-0.030839433962263962, -0.06303275471698133, -0.004739433962264172, 0.048259245283018615, 0.041720566037735995, -0.055741754716981395, 0.01073668319994514, 0.009037995879273897, 0.28840199426661006, -0.3822807364510213, 0.04182278045143824, 3.0, 
0

-0.0391229559748425, -0.06446027044025138, -0.0062729559748426755, 0.04484572955974864, 0.055837044025157434, -0.051009270440251386, 0.011617868601950132, -0.006796102816569505, 0.2998818448268138, -0.36509180559467463, 0.0410829549492793, 0.0, 
0

-0.02703817610062953, -0.0544332327044027, -0.005918176100629724, 0.0326297672955973, 0.045861823899370435, -0.04321623270440267, 0.011341683374208378, -0.0016991444438028136, 0.3069828164722944, -0.3543271327313984, 0.040446212040009956, 1.0, 
0

-0.016458867924528553, -0.060251679245283074, -0.008888867924528698, 0.0424393207547169, 0.041331132075471455, -0.05051367924528316, 0.008688684624532206, 0.01164053003736465, 0.3016797820521992, -0.37172653945896145, 0.02704124351412369, 2.0, 
0

-0.016268490566038185, -0.0656495974842769, -0.011968490566038215, 0.04800740251572311, 0.046131509433961826, -0.05052359748427693, 0.005868549058193118, 0.01661586256936043, 0.2913083860908995, -0.38192790763442935, 0.03786025087655879, 3.0, 
0

-0.023857421383648436, -0.06906230817610037, -0.01361742138364841, 0.044561691823899685, 0.058342578616351615, -0.04368330817610033, 0.009128186186969423, -0.00029282137250141727, 0.29698366337059556, -0.3540069357695547, 0.052248955769503905, 0.0, 
0

-0.013088238993710588, -0.05523455345911943, -0.01188823899371072, 0.031056446540880578, 0.04925176100628925, -0.03476355345911941, 0.00792978864511551, 0.0038178916238484906, 0.2988727066278911, -0.31384711368219026, 0.06901319634600632, 1.0, 
0

-0.0025786792452828777, -0.06103645283018855, -0.017588679245282846, 0.03919654716981147, 0.05134132075471709, -0.040729452830188584, 0.002348505146815061, 0.016079370833122275, 0.28808693678949016, -0.2990608845371698, 0.056210869223592135, 2.0, 
0

-0.0038635849056603, -0.06892237106918198, -0.022183584905660414, 0.04422562893081794, 0.05800641509433957, -0.03790837106918199, -0.002238565801675696, 0.021251853343750682, 0.27092559649190134, -0.3015138659196471, 0.04312940047132399, 3.0, 
0

-0.011129496855346144, -0.07402551572327087, -0.022659496855346184, 0.039373484276729154, 0.06942050314465376, -0.027408515723270854, 0.0048702656088563945, 0.00413717361903565, 0.2713980926977893, -0.26773212411795755, 0.057284082730113525, 0.0, 
0

-0.006311698113208086, -0.061998880503144616, -0.018051698113207948, 0.02656511949685536, 0.06500830188679196, -0.01924888050314466, 0.0025837333221867542, 0.007182109410514559, 0.26826724007779273, -0.21888926308187803, 0.07464164374290615, 1.0, 
0

0.0037273584905670454, -0.06584121383647878, -0.025322641509432975, 0.033979786163521264, 0.06772735849056688, -0.023590213836478746, -0.004931000934141672, 0.016004406916650726, 0.2538429771360413, -0.2079098516585415, 0.04358645898082, 2.0, 
0

0.004381257861634902, -0.07176408805031431, -0.02972874213836496, 0.037698911949685776, 0.06985125786163504, -0.020586088050314255, -0.009299982867552181, 0.01839088141320211, 0.23483030944482242, -0.2131791100652683, 0.027301682011770623, 3.0, 
0

-0.006506289308176427, -0.08109344654088146, -0.02755628930817644, 0.03181555345911846, 0.08036371069182358, -0.004871446540881563, 0.0005766538777653984, 0.004129895242145909, 0.23267378027774374, -0.18240661335325864, 0.04604123419772954, 0.0, 
0

-0.006489056603773857, -0.07695378616352233, -0.020829056603773877, 0.021330213836477707, 0.07954094339622597, 0.004500213836477696, -0.0017236141645629033, 0.006212993033269387, 0.22747847435729693, -0.13927510765993417, 0.05972942470132641, 1.0, 
0

0.0070126415094333705, -0.07430903144654066, -0.029907358490566693, 0.02799996855345943, 0.07785264150943316, -0.001494031446540589, -0.00860425374090834, 0.01148459352961384, 0.2136816029204132, -0.11236244642056684, 0.04481343550322043, 2.0, 
0

0.013206352201258209, -0.074508798742138, -0.03519364779874179, 0.029736201257862027, 0.07594635220125823, -0.0007987987421379517, -0.011943133995823585, 0.01216537952608765, 0.19685415433273268, -0.07476279317523159, 0.05092757326830542, 3.0, 
0

0.001432389937107148, -0.086926295597484, -0.03156761006289299, 0.024598704402515992, 0.08430238993710715, 0.019448704402516004, -0.0013730296154035315, 0.0023929330911497404, 0.19434185907824855, -0.04100043138693077, 0.03959102085835489, 0.0, 
0

0.0019337735849060955, -0.08480923899371084, -0.022556226415093805, 0.016110761006289165, 0.0799237735849061, 0.02557076100628919, -0.0037066522725743845, 0.003507754436296917, 0.1892875814424395, -0.0029517009321451144, 0.041727669882210175, 1.0, 
0

0.017318993710691455, -0.07825862893081748, -0.03417100628930836, 0.021675371069182603, 0.07747899371069167, 0.01704537106918247, -0.010289480814511087, 0.006760117263551635, 0.17698462966449985, 0.054503337516723926, 0.05495147509166941, 2.0, 
0

0.02605704402515774, -0.07304623270440336, -0.0397029559748423, 0.022184767295596597, 0.0744170440251577, 0.014764767295596615, -0.013862025412370471, 0.007070779458893561, 0.1616100543723437, 0.1244349184901292, 0.05572321816891935, 3.0, 
0

0.01744823899371073, -0.0852078050314462, -0.035221761006289265, 0.018276194968553927, 0.0791482389937106, 0.03449619496855383, -0.0022656137235925744, 0.00011471894290804308, 0.15972164382700063, 0.1631646641210255, 0.030905843369448845, 0.0, 
3

0.009690566037735993, -0.09550676729559748, -0.02663943396226398, 0.012456232704402437, 0.07883056603773597, 0.053276232704402515, -0.0030879254819329294, -0.00022740720806058157, 0.1573974094578584, 0.2173295353042538, 0.04126258825432606, 1.0, 
3

0.004138867924528444, -0.10399492452830239, -0.028541132075471598, 0.011658075471697504, 0.07597886792452857, 0.07099807547169767, -0.0035858226849625474, -0.0002522250244465507, 0.15472499880636464, 0.28233439383708503, 0.04959893302087813, 2.0, 
3

0.013152012578616645, -0.10048819496855299, -0.026227987421383547, 0.009138805031446928, 0.07296201257861656, 0.07061880503144691, -0.002883337014321752, -0.0013836310631691884, 0.15335148603150095, 0.3535857946418237, 0.05250124075186237, 3.0, 
3

0.01834006289308232, -0.09995220125786186, -0.030239937106917747, 0.008781798742138136, 0.0690900628930824, 0.07485179874213821, -0.003771669834600644, -0.0013479307707386923, 0.15133577264036588, 0.42895770562346236, 0.05265179973804684, 0.0, 
1

0.031635534591195835, -0.08671347169811383, -0.03077446540880424, 0.008385528301886103, 0.06677553459119578, 0.05480552830188623, -0.0045032802425548635, -0.0021102284186922393, 0.14937235658724168, 0.475954205178678, 0.01660507723117731, 1.0, 
3

0.03720855345911955, -0.07874883018867906, -0.03874144654088063, 0.010474169811320877, 0.06788855345911937, 0.0436441698113208, -0.008135784437102833, -0.0005662384226290396, 0.14387948146763171, 0.5190543669361358, 0.001976844452956839, 2.0, 
1

0.04190735849056604, -0.06526645283018884, -0.041232641509433954, 0.009595547169811258, 0.06966735849056604, 0.045365547169811116, -0.007387301630228604, -0.0011896186738336034, 0.13961449722311045, 0.5978359368459011, 0.035400534785274905, 3.0, 
3

0.042528176100628645, -0.05710057861635154, -0.03777182389937139, 0.006034421383648514, 0.06829817610062872, 0.05184442138364842, -0.0034558251151239894, -0.003077316449504819, 0.13961350749430293, 0.7012079938825678, 0.07022647623273671, 0.0, 
1

0.04816025157232717, -0.060792396226414525, -0.038329748427673005, 0.005280603773585524, 0.06217025157232703, 0.0437806037735855, -0.005094379497899593, -0.004614392310367421, 0.13995296546608288, 0.7718408524649311, 0.021515160275831557, 1.0, 
3

0.05144301886792424, -0.06447542138364737, -0.041846981132075634, 0.006660578616352719, 0.05857301886792432, 0.03249057861635252, -0.008253159061371362, -0.0033475295328975196, 0.13778638557099054, 0.8131246294406164, -0.02093513931059218, 2.0, 
1

0.05096213836477981, -0.057814597484276864, -0.04379786163522015, 0.00645840251572305, 0.0633821383647799, 0.03858840251572304, -0.004698395688637502, -0.00244431083709884, 0.13725249134770878, 0.8628799727027141, 0.011436843599609328, 3.0, 
3

0.04605654088050248, -0.048946238993710645, -0.03927345911949742, 0.0045097610062894145, 0.06601654088050268, 0.04766976100628928, -8.336515144014012e-05, -0.0030263756174351286, 0.13977990103486823, 0.9069887916649664, 0.03207526172053139, 0.0, 
1

0.04875825157232727, -0.05385958490566023, -0.039057748427672845, 0.004529415094339795, 0.06252825157232711, 0.042379415094339734, -0.0025411669834777273, -0.004762809878138707, 0.14259049058154033, 0.9385141642803664, -0.0011224475393501493, 1.0, 
3

0.05092019496855338, -0.06259760377358514, -0.04253480503144669, 0.00713039622641487, 0.06023019496855331, 0.03172039622641476, -0.00600270561157501, -0.004111894659082793, 0.14338266474484765, 0.9384621861078234, -0.050640956789318035, 2.0, 
1

0.04935969182389899, -0.058775490566037036, -0.04353730817610091, 0.007898509433962975, 0.06394969182389909, 0.03397850943396308, -0.002002382178732609, -0.002596414210067177, 0.14483197802425324, 0.9454972745292685, -0.013374999781964478, 3.0, 
3

0.044038911949685566, -0.05326986792452848, -0.03893408805031451, 0.007048132075471614, 0.06728891194968556, 0.04242813207547158, 0.0025749494818846363, -0.0019249515864638855, 0.14768665873022715, 0.9357661011538655, 0.00037958677954929454, 0.0, 
1

0.04481927044025169, -0.060749402515723694, -0.03864872955974841, 0.007408597484276358, 0.06531927044025165, 0.03953859748427635, -0.00019996054846482814, -0.002972473553059629, 0.15027480978115615, 0.9353650654129081, -0.010305317509579737, 1.0, 
3

0.045387842767295794, -0.06696833333333274, -0.041212157232704216, 0.009824666666667259, 0.0633678427672959, 0.030634666666667254, -0.003062777141229711, -0.0022344186325020665, 0.15101535296835641, 0.915416155915282, -0.04463130007541431, 2.0, 
1

0.043347572327044226, -0.06529513207547177, -0.04227042767295586, 0.010701867924528097, 0.06815757232704422, 0.03664186792452817, 4.062742737453995e-05, -0.001141565027974023, 0.15207429529609118, 0.9043011613168676, -0.013941405364237843, 3.0, 
3

0.03954502515723235, -0.05948696226415073, -0.03773897484276767, 0.009208037735849217, 0.07059502515723237, 0.041778037735849205, 0.003776626307300579, -0.0015962318791986618, 0.15509295031450887, 0.8948830529253483, 0.00864894833267915, 0.0, 
1

0.039759352201258036, -0.06543768553459073, -0.037105647798741814, 0.0103953144654092, 0.0670193522012581, 0.033115314465409273, 0.0005026305282179733, -0.0025327320907309048, 0.15760184542008743, 0.8649533976944008, -0.03383509619624349, 1.0, 
3

0.03771306289308174, -0.07119720125786178, -0.040628937106918284, 0.015401798742138206, 0.06527306289308177, 0.0188917987421382, -0.003534722320537864, -0.0011370389967482186, 0.15719514820160843, 0.7992076905657333, -0.08919477899741914, 2.0, 
3

0.038539836477986866, -0.058422132075471866, -0.03955916352201316, 0.01838586792452812, 0.06379983647798693, 0.006455867924528125, -0.001436605825154702, -0.001239440447203144, 0.15777098976622259, 0.7379667838131547, -0.07272087067881453, 3.0, 
3

0.03561310691823849, -0.05169413836477954, -0.03890489308176159, 0.020679861635220398, 0.06670310691823833, 0.0009698616352205036, -0.0012027783315921026, -0.002193909875094935, 0.15933975749073548, 0.6967601235724667, -0.05349958163170858, 0.0, 
1

0.033533264150943376, -0.048555937106918745, -0.036348735849056624, 0.023901062893081138, 0.058926264150943375, -0.012018937106918814, -0.0030031992971656374, -0.002035401892042321, 0.16013593460058892, 0.6258225732628111, -0.0930963488766664, 1.0, 
3

0.02707143396226419, -0.056802735849056596, -0.03311656603773583, 0.031717264150943336, 0.05186643396226409, -0.025002735849056545, -0.005231607906299507, -5.44371920305764e-05, 0.1584037589765176, 0.47466582293105125, -0.18215506479686167, 2.0, 
0

0.011929566037736428, -0.06738615723270414, -0.030380433962263642, 0.03866684276729582, 0.0618965660377363, -0.026953157232704195, -0.001743831246061034, -0.0015516119834269038, 0.15931616469143312, 0.3471713661038402, -0.14101897510214856, 3.0, 
0

-0.00840655974842719, -0.07579352201257894, -0.024330559748427127, 0.03626447798742105, 0.07230844025157279, -0.020955522012578998, 0.007221297455398679, -0.01380323949649398, 0.1747055480803121, 0.25766445648486813, -0.07501736649623264, 0.0, 
0

-0.011121018867924826, -0.06728659748427712, -0.017046018867924895, 0.026671402515722864, 0.06572398113207523, -0.01837059748427705, 0.0012636306532592956, -0.006815884572636488, 0.18156273103457496, 0.2411103685922308, -0.022258252017247866, 1.0, 
0

-0.0030342012578613575, -0.06946944025157276, -0.022723201257861425, 0.037141559748427255, 0.06351479874213861, -0.029195440251572835, -0.005355519928566754, 0.004047730677178674, 0.17604745517734896, 0.242885235158984, -0.0196323927111345, 2.0, 
0

-0.0028756289308172756, -0.06948909433962236, -0.023264628930817266, 0.04232390566037769, 0.061201371069182664, -0.034418094339622396, -0.005732024806391567, 0.007832582220279605, 0.1668803405735829, 0.21503779962481323, -0.04645278356041177, 3.0, 
0

-0.016981503144653853, -0.07573601886792414, -0.021015503144653835, 0.039407981132075776, 0.06951849685534606, -0.02783901886792417, 0.0016847928234288156, -0.0057219263359880035, 0.17284514717352903, 0.20239762468978603, -0.01268184177093082, 0.0, 
0

-0.011840345911949268, -0.06450183647798768, -0.015690345911949177, 0.028593163522012244, 0.05981365408805073, -0.024186836477987583, -0.0005687485754555244, -0.0016956429875856216, 0.17431292385806507, 0.22024781989002518, 0.011962811958428576, 1.0, 
0

-0.001600547169811617, -0.06572737106918247, -0.02092054716981162, 0.037705628930817525, 0.057114452830188456, -0.034124371069182535, -0.00635578321862007, 0.009644621976370837, 0.16331776572744575, 0.2458920350472042, 0.004671743372479995, 2.0, 
0

-0.0028361698113208433, -0.06956231446540928, -0.02298916981132082, 0.04328368553459083, 0.058074830188679205, -0.0365563144654093, -0.007797640138870188, 0.015096724906413783, 0.1467666506825805, 0.25240810622224685, -0.018311990109081046, 3.0, 
0

-0.015407452830189183, -0.07493987421383652, -0.02086445283018923, 0.04046512578616346, 0.06631754716981075, -0.030394874213836465, 0.0007408549273194565, 0.0003511699267710888, 0.14660049808019684, 0.23475799713624854, -0.01217670611230106, 0.0, 
0

-0.011735006289307792, -0.06240994339622563, -0.014802006289307834, 0.028830056603774246, 0.05648199371069218, -0.026049943396225572, -0.0007559286359957174, 0.004065630949942944, 0.1424722143573814, 0.23135685692361407, -0.001733919322307537, 1.0, 
0

-0.004638308176101447, -0.06584849056603792, -0.019463308176101424, 0.03803150943396205, 0.05708269182389858, -0.03549849056603782, -0.006065124437132807, 0.014997171804473464, 0.12647688592082795, 0.24806525130779103, -0.0013104393941286983, 2.0, 
0

-0.008201578616351957, -0.07024628930817611, -0.021229578616351996, 0.04384371069182391, 0.060003421383648003, -0.037106289308176166, -0.007631991718048958, 0.020444585859582753, 0.10488454516742866, 0.25343980652242404, -0.022081310358758297, 3.0, 
0

-0.022973264150943473, -0.07497622641509416, -0.018520264150943544, 0.03983377358490592, 0.07026773584905655, -0.030326226415094082, 0.0006026947088144663, 0.004664974643531439, 0.10043980725132531, 0.22271303701947184, -0.01572899306679903, 0.0, 
0

-0.024244811320754622, -0.0667464779874214, -0.01271581132075461, 0.028323522012578595, 0.0665181886792453, -0.026326477987421493, -0.0004940662311081478, 0.008253615770137168, 0.09227620630818713, 0.1958547413780446, -0.013227888981327674, 1.0, 
0

-0.018619383647798915, -0.06974949685534537, -0.016353383647798925, 0.03847050314465461, 0.06395161635220115, -0.035509496855345324, -0.004164558478076064, 0.017524774261535647, 0.07426397597574046, 0.17756425560440262, -0.020033467155719815, 2.0, 
0

-0.020507716981132074, -0.07105402515723291, -0.01705771698113212, 0.043815974842767114, 0.06295328301886793, -0.038724025157232944, -0.004589210473116667, 0.02135472770742819, 0.05242418912911063, 0.14157953671317505, -0.030694464687941844, 3.0, 
0

-0.03993250943396198, -0.07375955974842796, -0.01391250943396194, 0.038780440251572124, 0.07751349056603807, -0.0311795597484279, 0.0017019394333079862, 0.006854219097261138, 0.04624947979646374, 0.045149016332168446, -0.026802315782098768, 0.0, 
0

-0.04399069811320799, -0.06802245283018915, -0.009017698113207961, 0.0274975471698109, 0.07657630188679199, -0.028942452830189147, 0.0013021297738575743, 0.009790092042381238, 0.03750673386900091, -0.0927669105835616, -0.027555425459158428, 1.0, 
0

