-0.04728673416528795, -0.05728989381997723, -1.1102230246251565e-16, 0.04208059523868041, 0.047286734165287725, -0.05728989381997723, 0.0, 0.0, 0.542907140679494, 0.8282870304902026, 0.0, 0.0, 
1

-0.04227086792452872, -0.05661044654088032, 0.0015951320754712395, 0.04070155345911969, 0.03289313207547129, -0.05477644654088032, -0.0005781320754715269, 0.0017870417795606275, 0.542127494318324, 0.7922658527449555, -0.03917089205545315, 1.0, 
3

-0.04515079874213823, -0.05481639622641504, 0.006531201257861774, 0.04450360377358492, 0.020757201257861846, -0.05872639622641507, -0.00041506918239053725, 0.005874949685534758, 0.5384953854895892, 0.6943010764234838, -0.10654560783731973, 2.0, 
0

-0.05179990566037762, -0.04793003773584925, 0.011319094339622415, 0.04656596226415077, 0.02641009433962238, -0.06790403773584924, -0.0005738930817605903, 0.0024186415094341607, 0.5373128551532824, 0.6056304877723409, -0.0927354531232962, 3.0, 
0

-0.0695864150943396, -0.0360128679245284, 0.011787584905660453, 0.03886013207547162, 0.043121584905660426, -0.07309586792452838, -0.0038044905660380435, -0.009982169811320829, 0.5468107598718097, 0.5405494313295801, -0.05606040412262419, 0.0, 
0

-0.07394298742138372, -0.029151477987421348, 0.009644012578616246, 0.027887522012578603, 0.03930801257861627, -0.06746147798742136, -0.0025824276729558004, -0.001090389937107028, 0.5494577853117507, 0.5038003711587301, -0.03843217854672087, 1.0, 
0

-0.06700383018867917, -0.037942176100629055, 0.014512169811320752, 0.03951582389937097, 0.024331169811320774, -0.06851817610062905, 0.0012268427672954552, 0.008038698113207676, 0.5431862894204255, 0.4942613944688653, -0.019013994825015243, 2.0, 
0

-0.06149138364779905, -0.04077760377358469, 0.01627161635220098, 0.04431839622641531, 0.01902161635220101, -0.0693776037735847, 0.0025625534591198207, 0.010767427672955632, 0.5341685620140042, 0.5062608076171988, 8.542026418622038e-05, 3.0, 
0

-0.07273128930817652, -0.03115144654088059, 0.016556710691823517, 0.03999855345911946, 0.030188710691823495, -0.07477644654088056, -0.0018070943396225614, -0.002530157232704111, 0.5371906969668785, 0.46431041167287035, -0.04058624783575762, 0.0, 
0

-0.06441499371069193, -0.026845031446540712, 0.013358006289308055, 0.028704968553459276, 0.020686006289308057, -0.06534203144654072, -0.000715295597484511, 0.002063584905660165, 0.5363836969723954, 0.42500087844307355, -0.04309032367989951, 1.0, 
0

-0.05921555345911933, -0.03546378616352208, 0.01958544654088068, 0.03854021383647793, 0.005859446540880664, -0.06639178616352209, 0.0045355597484273424, 0.012864754716981341, 0.5246007810214371, 0.4033352264099358, -0.03462215621182343, 2.0, 
0

-0.057886220125785925, -0.03617651572327024, 0.023546779874214052, 0.04271948427672978, 0.0010557798742141244, -0.06903151572327026, 0.007349666666666588, 0.01710672955974818, 0.5080510330849695, 0.3862697977343882, -0.033588623041252375, 3.0, 
0

-0.06782347169811276, -0.027551968553458983, 0.023242528301887222, 0.039453031446541, 0.008893528301887277, -0.07388196855345897, -0.0004717484276731687, 0.0023764528301887244, 0.5069264447260023, 0.36187865138845, -0.028619844740612323, 0.0, 
0

-0.05747867924528327, -0.022841490566037848, 0.0178573207547168, 0.0279505094339621, 0.0034863207547167763, -0.05967349056603788, 0.001291207547170492, 0.005745522012578885, 0.5023357969600744, 0.33304228375009354, -0.036145533631100145, 1.0, 
0

-0.058325283018867524, -0.030620364779874176, 0.024007716981132465, 0.03552463522012583, -0.006732283018867524, -0.06191736477987414, 0.008603603773584267, 0.016479874213836287, 0.485423491155199, 0.32289747211982517, -0.025776471649517275, 2.0, 
0

-0.06333344654088069, -0.02893990566037702, 0.028086553459119257, 0.04042409433962291, -0.0054334465408807375, -0.06897790566037704, 0.01265816352201321, 0.020816540880502887, 0.46280097707622814, 0.3290537433848797, -0.01292339815796408, 3.0, 
0

-0.07281299371069205, -0.018412616352201372, 0.02675200628930796, 0.03628038364779862, 0.003963006289307902, -0.07572561635220132, 0.0026535471698113655, 0.005587710691824288, 0.45736095743253613, 0.3073117990486686, -0.028142001506834293, 0.0, 
0

-0.06692623899371108, -0.012893528301886614, 0.01951776100628899, 0.024717471698113447, 0.0032607610062889147, -0.06479252830188659, 0.004760245283018993, 0.008562911949685281, 0.4484965462133231, 0.28350285619298543, -0.03302058511148543, 1.0, 
0

-0.06957451572327078, -0.01922454716981148, 0.026564484276729194, 0.0327924528301885, -0.0046815157232708016, -0.06810854716981146, 0.011855276729559772, 0.016736018867924862, 0.42918410520670586, 0.2867718851461326, -0.012468360382859547, 2.0, 
0

-0.07106256603773597, -0.0187385723270439, 0.029995433962264006, 0.037158427672956074, -0.0039655660377360125, -0.07255757232704385, 0.01510805031446516, 0.019625025157232412, 0.40568064696198003, 0.3072091748666281, 0.0017221061806836433, 3.0, 
0

-0.08111155974842776, -0.004720641509433743, 0.026879440251572184, 0.03175435849056629, 0.009478440251572184, -0.0821646415094337, 0.004856993710691815, 0.0062710691823898435, 0.3981779946433619, 0.29030164687981325, -0.023312619439864082, 0.0, 
0

-0.08103391823899364, 0.0029340943396224395, 0.019612081761006372, 0.02205009433962246, 0.0123240817610063, -0.07929790566037753, 0.006654358490565837, 0.008633264150943787, 0.3879042928576979, 0.27506984917412863, -0.024499045967253226, 1.0, 
0

-0.07851175471698069, -0.005615893081760914, 0.027396245283019205, 0.029751106918239123, 0.00026624528301921746, -0.07630489308176092, 0.012374836477987095, 0.014294987421383354, 0.36981754441131887, 0.2723475525152619, -0.01726841022221763, 2.0, 
0

-0.07698335220125829, -0.00725667924528306, 0.03142364779874174, 0.033208320754716913, -0.003435352201258235, -0.07650067924528303, 0.014927597484277522, 0.016027786163522184, 0.348737025999093, 0.27532235681074785, -0.01357770093966942, 3.0, 
0

-0.08684868553459102, 0.010252849056603841, 0.027704314465408997, 0.027870849056603864, 0.011429314465408957, -0.0876141509433962, 0.005627333333332762, 0.0056094716981131, 0.34103634446821246, 0.2563897707762665, -0.024609280763110794, 0.0, 
0

-0.0850175660377358, 0.015895314465408927, 0.019765433962264156, 0.018978314465408874, 0.01254643396226418, -0.08539068553459117, 0.007385880503144815, 0.007397534591194965, 0.3309292031365742, 0.24102301063966056, -0.023309800470225694, 1.0, 
0

-0.08052898113207552, 0.004609415094340097, 0.029442018867924524, 0.02697141509434009, -0.002630981132075494, -0.08014958490565993, 0.012872415094339673, 0.011851899371068786, 0.3138768894403026, 0.22974007771007596, -0.023453388870026872, 2.0, 
0

-0.0771470251572326, 0.0008350754716979214, 0.03432597484276734, 0.02946207547169788, -0.01032402515723263, -0.07678292452830215, 0.015665044025157115, 0.013844339622642199, 0.29347139959298063, 0.2123849561480951, -0.03233704950538778, 3.0, 
0

-0.08624449685534585, 0.01860245283018913, 0.0302055031446542, 0.025219452830189115, 0.0030765031446541302, -0.08755254716981087, 0.005555471698113212, 0.005294622641508817, 0.28607083403126776, 0.2057818458713925, -0.013615193424194875, 0.0, 
0

-0.08181040251572336, 0.020948811320754657, 0.021651597484276586, 0.017609811320754676, 0.003794597484276574, -0.08524618867924527, 0.007783905660377566, 0.0063496415094344005, 0.276221545697356, 0.19994070331807612, -0.01286527464290269, 1.0, 
0

-0.0775662830188677, 0.0083454213836478, 0.03192171698113222, 0.024795421383647875, -0.011340283018867692, -0.0783235786163522, 0.013857880503144293, 0.01081938993710685, 0.2589435244102465, 0.18969013175899302, -0.022407098105720443, 2.0, 
0

-0.0748930440251575, 0.004298283018867921, 0.037369955974842495, 0.026792283018867935, -0.019459044025157524, -0.07321971698113205, 0.017141761006289835, 0.012552138364779863, 0.23799780121438235, 0.16563285776603173, -0.03839735111368522, 3.0, 
0

-0.08253287421383615, 0.020582364779874074, 0.03354912578616387, 0.0236063647798741, -0.008556874213836108, -0.08368963522012596, 0.005920830188678616, 0.004466918238993922, 0.23071862344083105, 0.16285519334542492, -0.00884765395657736, 0.0, 
0

-0.07590070440251573, 0.020534194968553576, 0.023965295597484282, 0.016613194968553513, -0.007767704402515729, -0.07947380503144641, 0.008503830188679617, 0.0055541698113205085, 0.22064892813477419, 0.16174208983965474, -0.007001556910345827, 1.0, 
0

-0.0736051446540884, 0.008736421383647719, 0.03458585534591152, 0.02302842138364769, -0.020566144654088347, -0.07358357861635223, 0.016029440251572602, 0.01022477358490581, 0.20179417546344575, 0.15460339014378793, -0.018734773051353182, 2.0, 
0

-0.07237882389937178, 0.004568220125786615, 0.03948917610062819, 0.025078220125786532, -0.02647082389937183, -0.06877677987421349, 0.019446679245283427, 0.011807201257861166, 0.17920672442339758, 0.14727835601620548, -0.021620750852439734, 3.0, 
0

-0.07934337106918221, 0.01965176100628896, 0.035930628930817665, 0.02254676100628894, -0.01673937106918233, -0.07935323899371105, 0.006968547169810435, 0.003672459119497651, 0.17134789942631673, 0.14492880311848425, -0.005403962122656041, 0.0, 
0

-0.07173430817610094, 0.019424471698113233, 0.02584869182389915, 0.015889471698113167, -0.015291308176100804, -0.0738865283018868, 0.009731937106918664, 0.004617289308175732, 0.1605805328991821, 0.13754023103468796, -0.009234717106019764, 1.0, 
0

-0.0715228805031447, 0.009040886792452851, 0.035873119496855344, 0.021484886792452862, -0.02624688050314461, -0.06887911320754714, 0.01803557232704378, 0.009490584905660349, 0.1402587433257869, 0.1362693367109226, -0.011546108817945485, 2.0, 
0

-0.0719982389937106, 0.006864333333333361, 0.04110176100628937, 0.02364233333333332, -0.030338238993710576, -0.06611666666666671, 0.021871358490565873, 0.011265553459119504, 0.11573442531540255, 0.13399908507433386, -0.017624492257571057, 3.0, 
0

-0.0776303144654098, 0.02150349685534636, 0.03714968553459008, 0.020985496855346453, -0.021430314465409994, -0.07732250314465361, 0.008162075471699337, 0.0032958364779869243, 0.10693212328579503, 0.12585957572301185, -0.00779216885036235, 0.0, 
0

-0.07019867924528289, 0.022691999999999823, 0.02657132075471713, 0.01466299999999987, -0.019058679245282928, -0.07340300000000022, 0.011068364779873052, 0.004295496855346581, 0.09506166533058232, 0.11364105075544821, -0.009951992180646773, 1.0, 
0

-0.07075949685534555, 0.013700943396226295, 0.03674050314465438, 0.01926494339622631, -0.02966949685534548, -0.06854205660377366, 0.01947081761006264, 0.008661056603773476, 0.0737621298470777, 0.10039630558426899, -0.021312782975289202, 2.0, 
0

-0.0716444025157228, 0.012725088050314803, 0.042255597484277096, 0.020776088050314834, -0.03358440251572281, -0.06589591194968514, 0.023164905660377322, 0.010188855345911518, 0.04847500794308099, 0.09103974728383767, -0.02597186777956369, 3.0, 
0

-0.07691748427672884, 0.02970732075471716, 0.03782251572327122, 0.018161320754717214, -0.02469748427672891, -0.07810167924528277, 0.009053081761005943, 0.003224767295597619, 0.038868107147432024, 0.0758652213774488, -0.009306812558037949, 0.0, 
0

-0.0710440880503147, 0.03178605660377354, 0.026755911949685407, 0.012444056603773568, -0.021714088050314606, -0.0755869433962264, 0.011836603773585752, 0.003910264150943643, 0.026427832662385967, 0.03867904686990321, -0.012323659811261115, 1.0, 
0

