-0.04728673416528795, -0.05728989381997723, -1.1102230246251565e-16, 0.04208059523868041, 0.047286734165287725, -0.05728989381997723, 0.0, 0.0, 0.3670805952386804, 0.0, 0.0, 0.0, 
0

-0.03307499371069211, -0.05457730188679255, 6.289307963314172e-09, 0.03987669811320743, 0.03307500628930793, -0.05457730188679255, -6.289308185358777e-09, 0.0027408971254728742, 0.3643396981132075, -1.3818768405162858e-07, -1.569934748538248e-07, 1.0, 
0

-0.015821031446540346, -0.052806138364779764, -3.144654026066007e-08, 0.042541861635220224, 0.015821968553459742, -0.052806138364779764, 3.7735848223974244e-08, 0.014131836477987214, 0.35020786163522166, 6.493556073159369e-07, 8.967973901827086e-07, 2.0, 
0

-0.028621968553458665, -0.06021456603773584, 3.1446541370883097e-08, 0.050271433962264134, 0.028622031446541296, -0.06021456603773584, -0.00018281478735293621, 0.006492578662205761, 0.34371533157391904, 0.0005311614778427348, -1.3646567705861158e-06, 3.0, 
0

-0.039793018867924634, -0.0594674213836478, -1.8867924556076332e-08, 0.048521578616352146, 0.03979298113207541, -0.0594674213836478, -0.0005479827133155757, -0.010735237766575367, 0.3544512740442504, 0.002062073001345311, 1.0143740430544756e-06, 0.0, 
0

-0.02488913207547183, -0.04575168553459097, -1.3207547178151202e-07, 0.03349131446540904, 0.024889867924528186, -0.04575068553459094, -0.0009125332599180247, -0.006438332706115268, 0.36089259478962876, 0.004557389713893317, 3.5547624986336166e-06, 1.0, 
0

-0.023617113207547336, -0.054618226415094284, -1.1320754733645799e-07, 0.04196777358490572, 0.02361888679245261, -0.054618226415094284, -0.0012761668559353456, 0.007084149572779808, 0.35381674884793973, 0.008254142081537855, -1.2460079765539303e-06, 2.0, 
0

-0.036962327044025134, -0.05972540251572306, -4.3270440251985676e-06, 0.04995759748427697, 0.036969672955974864, -0.05971640251572308, -0.001639880882330913, 0.014234653088569249, 0.3396006581784458, 0.013512630808504924, 8.391684417119067e-05, 3.0, 
0

-0.04830573584905695, -0.05834011320754706, -2.735849056967332e-06, 0.045450886792452905, 0.048308264150943026, -0.058335113207547085, -0.0019966368784889443, -0.004419343253424635, 0.3440518625669399, 0.01911656687023604, -2.64208009336963e-05, 0.0, 
0

-0.04336855345911961, -0.04993454716981105, 4.465408803833171e-07, 0.031175452830188966, 0.043361446540880366, -0.049928547169811044, -0.002352744727279976, 0.0007643725276914592, 0.34334061926446247, 0.025935791672907008, -7.451700038791171e-05, 1.0, 
0

-0.041583566037736275, -0.05724290566037715, -3.5660377362134454e-06, 0.04199809433962287, 0.041598433962263814, -0.057233905660377116, -0.002714196522686785, 0.011007720425366574, 0.3324205582237281, 0.035056557330961864, 9.9232989402019e-05, 2.0, 
0

-0.04460632704402512, -0.058898647798741655, -1.932704402507479e-05, 0.04726735220125833, 0.04463167295597492, -0.05885564779874175, -0.0030687928866607317, 0.014863850570980164, 0.3176933413415384, 0.04667035383267845, 0.0003239782723617006, 3.0, 
0

-0.06287179245283003, -0.05567557861635175, -1.5792452830010184e-05, 0.04126642138364833, 0.06292020754716998, -0.055638578616351686, -0.0034047032439685765, -0.0010930138676064072, 0.31896023442, 0.057148843176534354, -2.6192808293208247e-05, 0.0, 
0

-0.06386667295597481, -0.05115003144654051, -6.672955974784678e-06, 0.02897496855345949, 0.06389132704402523, -0.05112303144654051, -0.0037467493625915615, 0.001672517803115836, 0.31752615220772334, 0.06907639540186294, -0.00015239426309939877, 1.0, 
0

-0.054097672955974785, -0.05641130188679255, 3.327044025169812e-06, 0.03991469811320736, 0.054097327044025145, -0.05642530188679262, -0.004075519077255896, 0.009303255542285616, 0.30856118408598376, 0.08401428250874188, -0.00031365456767850107, 2.0, 
0

-0.05300644654088027, -0.05757561635220121, 6.55534591197382e-05, 0.04535038364779875, 0.05290455345911982, -0.05775961635220117, -0.004383649818124669, 0.012698963351425396, 0.29632516468483644, 0.10099401538944659, -0.0013621336608561718, 3.0, 
0

-0.07210581761006318, -0.053121383647798504, 7.718238993681403e-05, 0.03888261635220147, 0.07195018238993689, -0.05333538364779855, -0.004765564962889157, -0.000560357503446629, 0.2974067895488555, 0.11620219709297924, -0.0005395200730260726, 0.0, 
0

-0.07174025157232677, -0.04985291194968555, 3.3748427673230275e-05, 0.027053088050314367, 0.07172674842767324, -0.050050911949685584, -0.005127222760082817, 0.0019089971376543557, 0.29616339554210624, 0.134892087183633, 0.0007375193137458874, 1.0, 
0

-0.05827562264150943, -0.05595050314465422, 2.377358490512904e-06, 0.03934449685534569, 0.05831737735849052, -0.055958503144654226, -0.005472821219221213, 0.008735811925007164, 0.28832690944291284, 0.15899890202430075, 0.0011870641076930928, 2.0, 
0

-0.053818930817610466, -0.05769285534591184, -0.00012693081761039338, 0.04488814465408808, 0.05388406918238953, -0.057306855345911845, -0.005760848904314275, 0.01268526042999496, 0.27682127401259504, 0.18969678824538885, 0.0028881302422874336, 3.0, 
0

-0.07188800628930836, -0.053388119496855846, -9.600628930839239e-05, 0.038950880503144214, 0.07203499371069166, -0.05310611949685584, -0.005946097982330367, 0.00011755950442604579, 0.2778723378463016, 0.2104401806376343, -0.0003629069823477351, 0.0, 
0

-0.07006928930817624, -0.05028172955974808, -2.8930817619343685e-07, 0.027477270440251833, 0.06993071069182377, -0.05020672955974814, -0.006217589211599761, 0.0024987431529367443, 0.27678993205644786, 0.23183132421461722, -0.0024542700919021393, 1.0, 
0

-0.05615375471698136, -0.05597650943396215, 0.0001852452830186646, 0.03977149056603779, 0.055780245283018615, -0.056590509433962155, -0.0063584277375180465, 0.009798939565949794, 0.26884646752342956, 0.25856030516643475, -0.004668235834448034, 2.0, 
0

-0.05122886792452863, -0.05731689308176091, 0.0005141320754713519, 0.04550910691823917, 0.05059713207547134, -0.05864889308176091, -0.006682772084927846, 0.014102484646103086, 0.25716776168489386, 0.2912905051747443, -0.0066391574430788095, 3.0, 
0

-0.06784023270440209, -0.054035477987421365, 0.0002907672955978491, 0.04011352201257867, 0.06712876729559791, -0.05501047798742131, -0.007356142761749451, 0.0008792556756186398, 0.25862311055767423, 0.32350696817475744, 0.00404838075797245, 0.0, 
0

-0.06463080503144614, -0.05083386163521997, 5.219496855379813e-05, 0.028801138364780043, 0.06462319496855384, -0.051199861635219945, -0.007621856636852109, 0.0035729546839025073, 0.2578549271667025, 0.3614054285607015, 0.005436231838813544, 1.0, 
0

-0.05136789937106889, -0.05713677358490599, -0.00024289937106880544, 0.040539226415094, 0.05179610062893114, -0.056362773584906045, -0.00798123489041902, 0.011813404408063222, 0.2499198871568107, 0.4158717536689618, 0.007803892021987425, 2.0, 
0

-0.04689558490566004, -0.05911438993710694, -0.0004945849056600116, 0.046227610062893, 0.04757041509434001, -0.057889389937107016, -0.007985213467104568, 0.016010731059725614, 0.23881097437686724, 0.4779946744970658, 0.004706858567422895, 3.0, 
0

-0.06289266666666704, -0.05595672327043999, -0.00023866666666705338, 0.041368276729560005, 0.0633293333333329, -0.05524072327044005, -0.007914758547257206, 0.0020484401870100033, 0.24068016835232947, 0.5062648832042653, -0.004929246776716192, 0.0, 
3

-0.07498972327044029, -0.05129123270440261, -4.5723270440278796e-05, 0.03119276729559739, 0.0749782767295597, -0.0510282327044026, -0.008195810306182327, 0.0028006372034949933, 0.2423062352538597, 0.5371905668741563, -0.00430342393974289, 1.0, 
3

-0.08972209433962253, -0.04590803773584917, 4.990566037754718e-05, 0.03305796226415081, 0.08965890566037749, -0.04618003773584911, -0.008329333577335785, 0.0042286315774181515, 0.24310062507142483, 0.5725664434228066, -0.0029754682016434188, 2.0, 
3

-0.08643774213836508, -0.04730369811320789, 9.325786163494332e-05, 0.02950030188679209, 0.08619825786163493, -0.047885698113207975, -0.008699443972519982, 0.0033475032969436658, 0.24518383662486304, 0.6081312977573757, -0.0016516005546254717, 3.0, 
3

-0.0889015660377358, -0.04624900000000054, 0.00017243396226418461, 0.03226099999999954, 0.08838743396226423, -0.047186000000000505, -0.00886595537059065, 0.004711109598388719, 0.2466156611624247, 0.6463624733973381, -0.0021836749754276436, 0.0, 
1

-0.07715021383647769, -0.04960279874213824, 0.0015247861635222515, 0.03217620125786169, 0.06835578616352223, -0.05376179874213827, -0.009140883365490793, 0.005538142019791192, 0.24798470834919187, 0.6472190804589095, -0.04200829099958436, 1.0, 
3

-0.07271394968553435, -0.0478472515723275, 0.004812050314465632, 0.03968974842767259, 0.05358505031446559, -0.06109925157232743, -0.007944388949987391, 0.009672516798117092, 0.24594541130641287, 0.6239305414588822, -0.07329955638151885, 2.0, 
1

-0.06323744654088059, -0.04589969811320749, 0.006369553459119381, 0.04153530188679255, 0.05423455345911943, -0.06612869811320743, -0.007551854258637025, 0.00897102313784992, 0.2447426299294169, 0.6399644976678254, -0.031514550397187084, 3.0, 
3

-0.05770885534591219, -0.04265778616352167, 0.004855144654087762, 0.03695021383647834, 0.057015144654087746, -0.06713378616352172, -0.008918606092934822, 0.005162568973058335, 0.24766503655070066, 0.701624064663158, 0.021518841364602682, 0.0, 
1

-0.06557011949685532, -0.045057452830188915, 0.0067478805031446765, 0.037307547169811106, 0.04319888050314469, -0.06363645283018893, -0.010108670876129877, 0.007436036800930745, 0.2504365300802968, 0.7024845665789092, -0.04828870762039125, 1.0, 
3

-0.07204981132075483, -0.04262323270440205, 0.011769188679245146, 0.04067776729559802, 0.02509318867924515, -0.06163723270440202, -0.007204252861316873, 0.011719611221439608, 0.248914551042719, 0.6545526597414616, -0.1026996183071643, 2.0, 
0

-0.07416259119496849, -0.03396336477987394, 0.016262408805031492, 0.041528635220126064, 0.025025408805031457, -0.07012136477987396, -0.006859111693170772, 0.007800578182522444, 0.2500278128430034, 0.6043502357226731, -0.09160301689600035, 3.0, 
0

-0.09135637735849045, -0.009897767295597437, 0.016923622641509484, 0.03155323270440258, 0.043745622641509496, -0.08193976729559738, -0.010683851901677532, -0.0017618065855798948, 0.2599104069744885, 0.5026454802917865, -0.1190643239732551, 0.0, 
0

-0.09463767924528343, 0.001902031446540886, 0.013407320754716512, 0.021220031446540832, 0.04193532075471651, -0.08234196855345921, -0.009925759547779522, 0.003799638920519155, 0.2663050175521541, 0.46372733304571023, -0.07118713160954612, 1.0, 
0

-0.08384553459119504, -0.010142496855346628, 0.022160465408805008, 0.03232950314465344, 0.019147465408804965, -0.07992949685534656, -0.0064941985993370865, 0.009013482618366542, 0.26743072428605097, 0.4677376754553889, -0.03740706691687624, 2.0, 
0

-0.0782205534591196, -0.013535704402514948, 0.02705944654088044, 0.0359972955974851, 0.00797444654088042, -0.07760670440251494, -0.004350504144134959, 0.012762112828359706, 0.2654339158857494, 0.4740970857313029, -0.043694844081735185, 3.0, 
0

-0.08765666037735886, 0.0015443522012580368, 0.025098339622641186, 0.030217352201257985, 0.017378339622641126, -0.0845356477987419, -0.011586284389484391, 0.0028937954082159933, 0.27469887927362946, 0.4534766799899551, -0.048526028286431294, 0.0, 
0

-0.08199710062893106, 0.00266047798742175, 0.019493899371068935, 0.02202847798742169, 0.012794899371068924, -0.07843452201257817, -0.009667156605486116, 0.006256227746371135, 0.28110094526023155, 0.4566085121625812, -0.03131332945854128, 1.0, 
0

-0.07359962893081762, -0.011728691823899018, 0.02836137106918235, 0.03138330817610102, -0.004674628930817604, -0.07241169182389906, -0.0030655648106006073, 0.013847136783539438, 0.27902532281307524, 0.4962810600811904, -0.010427836450986617, 2.0, 
3

-0.05729649685534599, -0.02469942767295641, 0.03094650314465408, 0.032900572327043465, -0.021310496855345917, -0.05770542767295639, 0.0016610189137779008, 0.01779998395478599, 0.2720135283932616, 0.5360396045920174, -0.01994187739878477, 3.0, 
3

-0.05259065408804975, -0.026010100628931054, 0.03192434591195026, 0.031419899371068816, -0.026610654088049746, -0.05142310062893107, 0.00014330822195351978, 0.01542342485024606, 0.2680221390995697, 0.5526655395646134, -0.03855931541178609, 0.0, 
1

-0.05487097484276726, -0.024176289308175836, 0.033428025157232755, 0.028223710691824166, -0.030580974842767228, -0.0393362893081759, 0.0010532276422301479, 0.015934221707026186, 0.26388779965353293, 0.534420508532071, -0.07625166642043163, 1.0, 
3

-0.06436453459119507, -0.014092893081760982, 0.038720465408804916, 0.023307106918238896, -0.0360925345911951, -0.03146289308176109, 0.0038219628913692683, 0.01652925024105034, 0.2578514681994674, 0.43586820859246933, -0.15934384016641917, 2.0, 
0

-0.06954725157232688, 0.007018490566038205, 0.04576774842767306, 0.018358490566038332, -0.0443092515723269, -0.04423150943396181, 0.0014583256734084227, 0.01244476434021169, 0.25537757457380506, 0.32337469783618156, -0.16036525900230372, 3.0, 
0

-0.06829569811320757, 0.03328704402515781, 0.04356930188679242, 0.00955704402515778, -0.046551698113207585, -0.054642955974842256, -0.014439076471178813, 0.006429541259689087, 0.2695166683394596, 0.1847631919735379, -0.16554118825910558, 0.0, 
0

-0.058484088050314575, 0.03830056603773646, 0.03220591194968536, 0.002880566037736454, -0.041561088050314554, -0.04116943396226369, -0.007045664008141661, 0.010004523670942289, 0.2764360794771641, 0.0950114125371382, -0.12672802468596567, 1.0, 
0

-0.062215377358490254, 0.03506295597484277, 0.043212622641509824, 0.001612955974842789, -0.05213337735849022, -0.032047044025157234, 0.005892227873603106, 0.011483172400236219, 0.2708556041917008, 0.08564969651888833, -0.051896062504735156, 2.0, 
0

0.05935436477987466, -0.03633893081760986, -0.048779635220125295, 0.0013410691823900756, 0.05994036477987463, 0.03058106918239001, -0.011110349356184934, -0.00935423425853621, 0.26039775836355733, 0.05880727008275402, -0.06479419273661592, 3.0, 
0

0.051801748427673266, -0.05065773584905675, -0.04500725157232677, 0.005422264150943157, 0.06455774842767326, 0.03851226415094322, 0.0053515079195858295, -0.008872748861502577, 0.2666257344656035, -0.002175338210920856, -0.09241202127717006, 0.0, 
0

0.04353666666666678, -0.0486804402515717, -0.03338933333333327, 0.007009559748428318, 0.05509166666666676, 0.02503955974842831, 0.0012200264462229882, -0.009126464250258648, 0.2690571263748661, -0.05604801586371761, -0.08703158322712619, 1.0, 
0

0.048871352201257934, -0.046917358490566, -0.041632647798741984, 0.011922641509434007, 0.058365352201257936, 0.009982641509433954, -0.011841750507518234, -0.0035457116267421096, 0.25793701930778884, -0.10753907717443552, -0.07198336376852728, 2.0, 
3

0.04835869182389918, -0.03728855345911941, -0.04382830817610073, 0.015951446540880765, 0.057785691823899143, -0.0036785534591192715, -0.017209324724674846, 0.0009096758912974234, 0.24083328038467794, -0.16921303699042023, -0.07013823470014786, 3.0, 
3

0.043634408805031, -0.033452641509433834, -0.04039559119496894, 0.01878735849056623, 0.05293640880503103, -0.011932641509433628, -0.011712365867148633, 0.00013866464728429229, 0.2292933647788687, -0.2469475803403246, -0.08627637101162246, 0.0, 
2

0.0403321257861633, -0.03112220125786158, -0.03905987421383661, 0.020337798742138258, 0.05514912578616327, -0.014612201257861779, -0.011485592182088222, 0.003045623716355861, 0.2174422444330181, -0.2955441180207284, -0.04472944149197434, 1.0, 
3

0.040166805031446096, -0.026830628930818, -0.04106319496855382, 0.01965937106918192, 0.06316680503144612, -0.010150628930817973, -0.012538148081050249, 0.006551770950609992, 0.20395691240579383, -0.2822993212137575, 0.033545680182782464, 2.0, 
0

0.04440681132075475, -0.03924094339622619, -0.04495318867924536, 0.018319056603773642, 0.0690338113207547, 0.004539056603773739, -0.007004227019347109, 0.004107122177004374, 0.19639701294056727, -0.237557171901085, 0.05954362269335602, 3.0, 
0

0.04020944025157225, -0.05600578616352214, -0.0424305597484278, 0.013924213836477906, 0.07289444025157221, 0.027394213836478, 0.008339462840445178, -0.000958314313119546, 0.2047864267137612, -0.16911594697943, 0.06987555305523119, 0.0, 
0

0.03386025157232764, -0.054825974842767744, -0.03132974842767222, 0.009804025157232221, 0.06454025157232768, 0.02569402515723218, 0.003316893325762349, 0.001584015225217339, 0.20784369696565905, -0.16519201296597663, 0.01381486774327271, 1.0, 
0

0.04237371069182383, -0.05175050314465435, -0.04106628930817613, 0.013789496855345584, 0.06699371069182392, 0.016339496855345637, -0.008160592209540685, 0.007132656071419108, 0.19886777321703655, -0.21575285283221945, -0.020679819623723488, 2.0, 
0

0.04638327044025159, -0.0503056603773584, -0.045886729559748485, 0.01418433962264154, 0.06809327044025171, 0.017744339622641547, -0.011281719440163318, 0.007445264086380909, 0.18695028410098644, -0.2246766045077286, 0.024157269306367288, 3.0, 
0

0.04083044025157223, -0.060636710691823525, -0.04262955974842786, 0.012213289308176556, 0.0721104402515722, 0.0356892893081765, 0.004645729190374981, 0.0024311650219897007, 0.1914205327667122, -0.2183883160454646, 0.020775118962575598, 0.0, 
0

0.033533522012578754, -0.05422465408805044, -0.030996477987421223, 0.009365345911949596, 0.06495352201257876, 0.02759734591194951, 0.0020652474690352474, 0.003306435854604217, 0.193311971526125, -0.25050617171539247, -0.01439681149157369, 1.0, 
0

0.04094761006289316, -0.05131148427672971, -0.04069238993710678, 0.01469751572327016, 0.0684076100628932, 0.015017515723270258, -0.009179659086418157, 0.008192401224783152, 0.1839543577682087, -0.34605591177959244, -0.05318397597940989, 2.0, 
3

0.045519119496855165, -0.037859672955975476, -0.04307088050314478, 0.015906327044024615, 0.061919119496855135, -2.8672955975417302e-05, -0.015390001892339189, 0.008929859449203992, 0.168795383235555, -0.4060981472305402, -0.007164209170768507, 3.0, 
3

0.0458191194968558, -0.03016043396226431, -0.04218088050314428, 0.01395756603773568, 0.057589119496855634, -0.0023844339622642874, -0.010810114707525464, 0.00636786200459305, 0.15848448523839606, -0.4155923685687759, 0.03421210295683861, 0.0, 
1

0.04791849056603792, -0.030140742138364818, -0.04210150943396207, 0.013103257861635242, 0.05302849056603787, -0.004589742138364716, -0.011759477922858919, 0.004860467867836227, 0.14736605259664493, -0.4382558140931008, 0.017829542442188304, 1.0, 
3

0.04916050314465381, -0.0365573081761007, -0.04230949685534613, 0.015867691823899355, 0.050860503144653846, -0.008219308176100726, -0.013830140348148445, 0.0042436991277803315, 0.13438010705621736, -0.5406417843807564, -0.057076906417804045, 2.0, 
1

0.04572169811320692, -0.0416344213836477, -0.04490830188679307, 0.018057578616352377, 0.06595169811320689, 0.0025245786163523576, -0.010245021514524666, 0.002900408561029133, 0.12491714353677483, -0.601827811490942, -0.023510003591959577, 3.0, 
3

0.037891320754716684, -0.031409698113207374, -0.040818679245283374, 0.01436930188679264, 0.0708713207547167, 0.009420301886792548, -0.0024164655610943164, -0.0005378150417029159, 0.12244155287263185, -0.5580038709424038, 0.04383445413191617, 0.0, 
1

0.03974748427673003, -0.03603280503144668, -0.03871251572327017, 0.012384194968553364, 0.06242748427672984, 0.007838194968553314, -0.005772971233609647, -0.0013886723517222421, 0.11650476298956153, -0.5282946869129035, 0.02886634103303955, 1.0, 
3

0.04612012578616431, -0.056922490566037154, -0.04306987421383579, 0.015104509433962798, 0.05984012578616427, 0.007726509433962803, -0.011055984787087692, -0.00042484562964217876, 0.10563854403519442, -0.5747574086282621, -0.02768265314286903, 2.0, 
1

0.04448723270440169, -0.05880164150943412, -0.04355276729559843, 0.014986358490565843, 0.06483723270440156, 0.01527335849056588, -0.0064931708861653, -0.0009049738556471398, 0.09911681731463173, -0.575403336185509, 0.005890315138264341, 3.0, 
3

0.03724383647798768, -0.05220986163522079, -0.038076163522012374, 0.012629138364779191, 0.07126383647798762, 0.0254051383647792, -0.0005711803705559237, -0.0022831309881963247, 0.0980330044155263, -0.5430664104748815, 0.011143323148415438, 0.0, 
1

0.034566289308176845, -0.06347644025157262, -0.0370237106918232, 0.013730559748427407, 0.0711462893081769, 0.02589355974842733, -0.004600933752933356, -0.0032284362816146217, 0.0928569049302955, -0.5549766390195475, -0.03487219818444781, 1.0, 
3

0.030578742138364756, -0.07483817610062937, -0.03863125786163524, 0.018285823899370612, 0.06856874213836495, 0.016773823899370655, -0.008469822964451756, -0.0023301991780162457, 0.08409522855574285, -0.6347731404558123, -0.086960382451651, 2.0, 
1

0.026698490566039013, -0.07454412578616387, -0.03825150943396105, 0.019637874213836115, 0.07499849056603902, 0.021958874213836133, -0.004690579774900616, -0.0024509949996820435, 0.07903648916932202, -0.6479046147007339, -0.03220546658802005, 3.0, 
3

0.020666477987421494, -0.07221281761006282, -0.03314352201257842, 0.016915182389937167, 0.0815064779874215, 0.03281018238993716, -0.0008164335284328583, -0.0038011997434854727, 0.07765936163209944, -0.5990943458853215, 0.0023982043632896966, 0.0, 
1

0.01527805031446583, -0.08181098113207552, -0.031281949685534105, 0.01812001886792447, 0.07840805031446596, 0.02640201886792448, -0.0041013632257409505, -0.004732474543186815, 0.07311006650346044, -0.5950900747671457, -0.05311867088132563, 1.0, 
3

0.008578616352201474, -0.0873564025157233, -0.03317138364779848, 0.02368359748427662, 0.0743186163522016, 0.012401597484276605, -0.0071150037003928635, -0.0021066400509246463, 0.06588454455171125, -0.6657757921601654, -0.09502369430023269, 2.0, 
1

0.008686855345911848, -0.08086338364779866, -0.03300314465408816, 0.025422616352201333, 0.08126685534591194, 0.013242616352201253, -0.0039101933101899355, -0.0024950728131732935, 0.06190762800662933, -0.6647212327211695, -0.036327730232841665, 3.0, 
3

0.005168805031446899, -0.07513039622641515, -0.028841194968553197, 0.022081603773584813, 0.08842880503144679, 0.02084360377358485, -0.0014738549667261402, -0.004567510433443056, 0.06056721983571633, -0.5864988074016483, 0.0029448802695997414, 0.0, 
1

-9.113207547128965e-05, -0.08295228301886803, -0.02747113207547147, 0.023817716981131887, 0.08229886792452867, 0.011288716981131874, -0.004703914905070938, -0.005241504515270501, 0.05649709015287795, -0.5490636307405435, -0.06085838621449857, 1.0, 
3

-0.007039433962263919, -0.08619668553459159, -0.02787943396226389, 0.030479314465408414, 0.07239056603773619, -0.005715685534591564, -0.007039051645742145, -0.0014131943413350223, 0.0498516754216483, -0.6134884925089522, -0.11563257220186822, 2.0, 
1

-0.005403018867924159, -0.0785732452830189, -0.02710301886792421, 0.03330775471698111, 0.07777698113207587, -0.010128245283018922, -0.004128382066558078, -0.002388533364059975, 0.04644424355511565, -0.6019459351854735, -0.057829666046507425, 3.0, 
3

-0.006850754716981378, -0.06972957232704402, -0.023670754716981213, 0.030133427672955904, 0.08517924528301868, -0.008792572327044113, -0.001909512256671686, -0.005460521966725196, 0.04651186584301973, -0.49460339548856375, -0.017191792776629584, 0.0, 
3

-0.01700207547169863, -0.07846648427672975, -0.022942075471698686, 0.031579515723270224, 0.08677792452830135, -0.007080484276729693, -0.004071431139553772, -0.005722937061064637, 0.045582394036738895, -0.3808405385442035, -0.03757465262848815, 1.0, 
3

-0.024645786163521866, -0.08413505660377296, -0.021645786163521752, 0.03192294339622703, 0.08145421383647822, -0.009627056603772943, -0.004554322335958538, -0.005748520785443967, 0.045379009582735094, -0.25190241357770005, -0.03243017346976734, 2.0, 
3

-0.02712440251572379, -0.08410201886792423, -0.02008440251572363, 0.031741981132075714, 0.07906559748427622, -0.012024018867924258, -0.003964030115263473, -0.005000634592907227, 0.04615754647111294, -0.14510989695640533, -0.031705958378026505, 3.0, 
3

-0.027105408805032205, -0.08140403773584937, -0.02032540880503242, 0.033197962264150616, 0.08330459119496769, -0.012920037735849377, -0.0042451416987021595, -0.004436372439798442, 0.04715693944282308, -0.02993075842459267, -0.014768146931332087, 0.0, 
1

-0.019245597484276455, -0.07385589937106929, -0.017925597484276468, 0.03314210062893064, 0.07114440251572374, -0.02405289937106936, -0.006137906039564767, -0.004117661376839554, 0.04781720767277101, 0.0716818226794983, -0.05356995004556563, 1.0, 
3

-0.02150905660377367, -0.07260356603773521, -0.016429056603773695, 0.04040243396226473, 0.0606109433962263, -0.0365035660377353, -0.008604586564023187, -0.000798387278582835, 0.04573958035577984, 0.14168856080109166, -0.1095939312637194, 2.0, 
0

-0.02974943396226437, -0.0698262138364788, -0.013229433962264503, 0.04432378616352117, 0.06363056603773565, -0.04178321383647876, -0.007495184978852043, -0.0030014136358288424, 0.04751527328885794, 0.21467823016658263, -0.0961584736801352, 3.0, 
0

-0.05280647798742133, -0.06955581761006302, -0.009486477987421305, 0.03716918238993705, 0.0793835220125787, -0.03555581761006299, -0.0059431650761465615, -0.014371034291615237, 0.06179666129889153, 0.288169799265789, -0.040165324984546, 0.0, 
0

-0.054777861635219915, -0.06443506289308165, -0.006357861635220008, 0.027240937106918328, 0.07885213836478, -0.033833062893081634, -0.008310170245150683, -0.00789364628436584, 0.0704584310130525, 0.3813852430031088, -0.020600429566343656, 1.0, 
0

-0.040432830188678714, -0.06621063522012594, -0.008292830188678879, 0.04036036477987415, 0.06420716981132113, -0.045033635220125934, -0.010034200099314994, 0.00036662764182782137, 0.07230751241935464, 0.4931239783772165, -0.0266398631004923, 2.0, 
0

-0.024629433962263914, -0.06293798742138379, -0.008649433962263808, 0.04466001257861618, 0.052880566037736054, -0.05065998742138378, -0.009736026092151073, 0.004812417174184902, 0.07129366671949484, 0.6325237295247097, -0.01134479835066837, 3.0, 
0

-0.01997440251572291, -0.05923362264150911, -0.011224402515723098, 0.041795377358490926, 0.06284559748427698, -0.047766622641509104, -0.007036550523796814, -0.0035633796778411497, 0.0776716972948175, 0.7659511072180243, 0.07106106171164542, 0.0, 
1

-0.02101767295597523, -0.06250121383647789, -0.01064767295597524, 0.0384677861635222, 0.05104232704402478, -0.043716213836477835, -0.008492152962778166, -0.004914759919014466, 0.08622334493043292, 0.832410048434443, 0.007668277085077394, 1.0, 
3

-0.034442955974842926, -0.07207133333333315, -0.009612955974842796, 0.042472666666666825, 0.04387704402515724, -0.04305933333333323, -0.009498653013204184, 0.00012699469781130013, 0.09153995307542846, 0.8735988987741928, -0.047451186323607786, 2.0, 
0

-0.044383207547169734, -0.06867657232704394, -0.008433207547169808, 0.044963427672956136, 0.05345679245283019, -0.04671557232704393, -0.007556405150019652, -0.00265629217052199, 0.09833063979083795, 0.8811932892365193, -0.03717956685301175, 3.0, 
0

-0.06531515723270465, -0.05925325157232708, -0.002895157232704726, 0.03614374842767287, 0.07236484276729538, -0.04784225157232713, -0.005101242602868705, -0.012695100024678219, 0.11142460490093328, 0.7378204707240297, -0.10547252467300869, 0.0, 
0

-0.08499069182389896, -0.048990591194968625, 0.0005293081761010843, 0.029222408805031352, 0.08020930817610106, -0.048606591194968685, -0.007817622489221021, -0.006584752148620976, 0.12143429612796758, 0.6575648889559677, -0.09804164206506148, 1.0, 
0

-0.0778331446540883, -0.04934633333333294, 0.002276855345911599, 0.03693766666666709, 0.06977685534591171, -0.055490333333332975, -0.008313720623838838, -0.003585962508153684, 0.12950154549347856, 0.6468935332733949, -0.043451473162771724, 2.0, 
0

-0.07126276729559655, -0.048014805031446284, 0.003947232704403447, 0.03850819496855373, 0.060637232704403354, -0.06051880503144624, -0.009822249588959497, -0.0034223952118421774, 0.13859015543063063, 0.6440688177710497, -0.04058436554750905, 3.0, 
0

-0.08961654088050275, -0.035323477987421414, 0.006543459119497275, 0.03520652201257868, 0.06385345911949725, -0.06346647798742133, -0.012146119561417201, -0.006212167352289244, 0.15147007050111883, 0.5934955784014674, -0.08161554046402453, 0.0, 
0

-0.08177339622641489, -0.03469616352201277, 0.00756660377358509, 0.029809836477987184, 0.05087660377358505, -0.06450416352201283, -0.012223029946562658, -0.004824213467104266, 0.16356816055997336, 0.561268559500772, -0.06481676576406559, 1.0, 
0

-0.05841069182389913, -0.04140262264150962, 0.012459308176100858, 0.03968137735849042, 0.025179308176100923, -0.06771262264150968, -0.01035421194413888, 0.004463129889455075, 0.1683086038673096, 0.5672785485796088, -0.05565679586227396, 2.0, 
0

-0.057302138364780264, -0.03886185534591191, 0.018797861635219792, 0.044063144654088116, 0.017047861635219874, -0.0725748553459119, -0.007802982423015026, 0.009411803740506097, 0.1686658369695402, 0.5408262133530614, -0.09899909210168144, 3.0, 
0

-0.06965283018867874, -0.0299738993710692, 0.01936716981132114, 0.040354100628930856, 0.022127169811321235, -0.07560689937106913, -0.013627637406143256, -0.0050254635164656, 0.18269305870018354, 0.5180687260127117, -0.04422846686832914, 0.0, 
0

-0.05901880503144641, -0.02631798113207562, 0.01509119496855349, 0.02896701886792441, 0.011951194968553569, -0.06238498113207569, -0.01216692415892795, -0.0012078035314686542, 0.19347664920269925, 0.5158949406033106, -0.03282562736885445, 1.0, 
0

-0.056916415094340866, -0.03503996226415085, 0.021193584905659257, 0.037862037735849174, -0.0004964150943407297, -0.06367696226415087, -0.005310230245370029, 0.010389087985751999, 0.19263749181014792, 0.5461684820018354, -0.03001496624512397, 2.0, 
0

-0.060424339622641376, -0.03408408176100641, 0.0253756603773585, 0.04202391823899354, -0.003284339622641408, -0.06733608176100647, -0.001034942381654691, 0.014692247266387959, 0.1867849013129063, 0.5845038650819919, -0.03293295379029693, 3.0, 
0

-0.07131886792452824, -0.02237371069182381, 0.025941132075471662, 0.037697289308176174, 0.00328113207547176, -0.07315471069182378, -0.009423176344631301, -0.0006445445232109437, 0.1956051085418491, 0.5426935046976096, -0.05948679624446863, 0.0, 
0

-0.06310396226415094, -0.015730408805031515, 0.020526037735849156, 0.025401591194968542, -0.0012739622641508852, -0.059670408805031494, -0.00744699743163979, 0.0026095410327924284, 0.20138534103526082, 0.4928468861079999, -0.07691300098761042, 1.0, 
0

-0.06551584905660324, -0.020703547169811154, 0.02828415094339687, 0.03194645283018882, -0.012415849056603312, -0.06237354716981114, 0.0009661075224909332, 0.012028946076375946, 0.19612206351418812, 0.5024646975351893, -0.045031309265248745, 2.0, 
0

-0.06881012578616374, -0.017091377358490534, 0.033429874213836364, 0.03546762264150949, -0.013210125786163651, -0.06937937735849053, 0.005755745565327652, 0.014943173466332782, 0.18606376410865355, 0.5365420192366576, -0.03116199461798789, 3.0, 
0

-0.07725427672955942, -0.002561647798741906, 0.031465723270440504, 0.0304413522012581, -0.004554276729559437, -0.07857364779874199, -0.005915973855648238, 0.0017253344081795685, 0.19130592374320887, 0.50760017834304, -0.0461133080064808, 0.0, 
0

-0.07317345911949635, 0.004639528301886631, 0.02308654088050366, 0.02039052830188659, -0.004133459119496363, -0.07166647169811335, -0.0034411687240463174, 0.004309400496341098, 0.19358317820393825, 0.48831512702009333, -0.04538528641723767, 1.0, 
0

-0.0751414465408804, 0.00023490566037720484, 0.03231855345911949, 0.026315905660377115, -0.0151314465408805, -0.07073409433962285, 0.004598972523417677, 0.010079103564253566, 0.18696636762097557, 0.4949380835831169, -0.04008796225752405, 2.0, 
0

-0.0750425786163531, 0.0012794276729559684, 0.03719742138364701, 0.028372427672956002, -0.018932578616353002, -0.07162257232704405, 0.008105197048399404, 0.011308848121684867, 0.17714597885343733, 0.5173359077807582, -0.031766608563715305, 3.0, 
0

-0.08232176100628963, 0.019568817610063127, 0.032908238993710315, 0.02370881761006316, -0.007831761006289684, -0.0840541823899369, -0.0038417622952797714, 0.0018344414101193474, 0.18072262483875692, 0.5029493355974579, -0.027292010638575784, 0.0, 
0

-0.07830742138364766, 0.02689630817610056, 0.02409257861635239, 0.015741308176100532, -0.006817421383647604, -0.08309669182389945, -0.0013382311900262955, 0.003240955541013002, 0.18169004253034238, 0.47596678373233403, -0.04558199183453664, 1.0, 
0

-0.07582616352201321, 0.019249006289308257, 0.03498383647798664, 0.01984300628930824, -0.022436163522013386, -0.07509899371069173, 0.0054441040731660895, 0.0066500927854888925, 0.17569684043215247, 0.44766233047516196, -0.06278251543558426, 2.0, 
3

-0.06628119496855356, 0.0073503144654085695, 0.03968880503144656, 0.01862231446540863, -0.03729119496855349, -0.05783768553459134, 0.01035197001196786, 0.00810512948655695, 0.16498103688505109, 0.4151643063793371, -0.07724419723757622, 3.0, 
3

-0.0615862264150937, 0.005271710691823639, 0.040493773584906245, 0.015723710691823656, -0.04281622641509375, -0.04746328930817634, 0.008235977501291458, 0.0060045580900642825, 0.15671365997437262, 0.38390723180744063, -0.06833299110786785, 0.0, 
1

-0.06198911949685537, 0.008119157232704288, 0.04152088050314462, 0.01174615723270428, -0.044599119496855355, -0.03307084276729566, 0.008830370069702331, 0.005459458740310619, 0.14806307465999916, 0.3269064945394817, -0.0946855800408282, 1.0, 
3

-0.06388119496855316, 0.018685245283018848, 0.04450880503144683, 0.005356245283018868, -0.04857119496855322, -0.022629754716981143, 0.01050868416397388, 0.0041927639616745616, 0.13786379892984593, 0.20525940394369568, -0.155928296271665, 2.0, 
0

-0.059563333333333635, 0.04023064779874197, 0.04826666666666646, -0.0015243522012580168, -0.05911333333333357, -0.029758352201258054, 0.0059205415077221435, 0.0016539510168115945, 0.13212366308162346, 0.07022227704468288, -0.1513367080975513, 3.0, 
0

0.04629364779874234, -0.06634457861635251, -0.04125635220125767, 0.008733421383647466, 0.06439364779874235, 0.03722842138364746, 0.008896778647078607, -0.0020480361546079684, 0.1411870538200097, -0.09878597987499334, -0.17703572214049193, 0.0, 
0

0.03473974842767347, -0.07068434591194961, -0.029870251572326367, 0.010668654088050344, 0.060279748427673585, 0.029570654088050374, 0.00290374838181906, -0.001131480810131591, 0.14419957495844196, -0.22763144077320402, -0.13443782375438357, 1.0, 
0

0.03841773584905739, -0.06293828301886778, -0.03899226415094259, 0.016029716981132203, 0.06579773584905735, 0.015383716981132167, -0.007318138410633335, 0.0017981852126468523, 0.13672630317841597, -0.2815255987896613, -0.04699357113826741, 2.0, 
0

0.034671635220126173, -0.06438958490566038, -0.042918364779873874, 0.0208214150943396, 0.07132163522012624, 0.01181741509433959, -0.010756806258581664, 0.003933268859011074, 0.12563678712123516, -0.3650279795050284, -0.06165058097987378, 3.0, 
0

0.020593396226415317, -0.07910450314465423, -0.03701660377358462, 0.020925496855345782, 0.07728339622641545, 0.02182849685534577, 0.0039698358507691545, -0.002338728228471365, 0.12980934699346197, -0.41255036365723097, -0.06282505138220743, 0.0, 
0

0.016194150943395602, -0.07517991823899334, -0.025705849056604446, 0.015680081761006714, 0.06955415094339568, 0.019397081761006685, 0.00012263659074340794, -0.0008487328936718219, 0.13002039776542174, -0.43936463167500206, -0.033212091723980645, 1.0, 
0

0.025089182389937514, -0.07129769811320752, -0.035660817610062345, 0.02209030188679245, 0.07065918238993762, 0.008119301886792496, -0.008252508434482664, 0.004609685155405607, 0.12137386637172905, -0.47664875577962806, -0.006876339243884803, 2.0, 
3

0.032837106918238934, -0.057131069182389804, -0.03753289308176111, 0.024772930817610228, 0.0617771069182389, -0.008220069182389766, -0.012208870583052533, 0.008964325385661442, 0.1087974932029105, -0.5789134733338372, -0.02879310512986547, 3.0, 
3

0.03166389937106873, -0.05161621383647791, -0.03510610062893127, 0.02639378616352206, 0.05580389937106878, -0.0162232138364779, -0.008443731018257239, 0.007469582316745438, 0.10059525638885926, -0.7141326889919828, -0.06127499692501628, 0.0, 
2

0.030714088050313615, -0.04410446540880525, -0.03399591194968643, 0.027337534591194812, 0.05629408805031377, -0.02013846540880526, -0.007895550614045455, 0.009016042471023944, 0.09383098622275735, -0.8485961628920786, -0.032590674909306554, 1.0, 
3

0.0328256603773589, -0.03934950943396254, -0.036244339622641064, 0.026547490566037557, 0.06183566037735888, -0.01832850943396247, -0.008757680759660769, 0.01072849013220778, 0.08786296037488268, -0.9412612034174148, 0.0450813569284571, 2.0, 
0

0.03243182389937149, -0.05646622012578628, -0.04076817610062866, 0.026962779874213694, 0.07005182389937148, -0.0050302201257862444, -0.004885218836796046, 0.008048542039050144, 0.08614512290040503, -0.9998604066048706, 0.047854451629796735, 3.0, 
0

0.02098358490565988, -0.07503472955974844, -0.036536415094340136, 0.022171270440251578, 0.07773358490565996, 0.016984270440251636, 0.009284174020784408, -0.00075512043177417, 0.09443876062743219, -0.9139408145568116, 0.03890155460540198, 0.0, 
0

0.013880125786162267, -0.07623657861635202, -0.025439874213837532, 0.015258421383647969, 0.07429012578616234, 0.023624421383647953, 0.003982474017463877, 0.0028093299793476856, 0.09917296626150451, -0.9207374911141731, 0.005163556455795341, 1.0, 
0

0.022734150943396036, -0.07322359119496846, -0.035265849056604015, 0.02087040880503155, 0.07516415094339601, 0.015370408805031599, -0.004063674043250365, 0.007100589175586314, 0.09837100210330987, -0.9973011434597873, 0.0058904895646381674, 2.0, 
3

0.03256033333333286, -0.059598924528301844, -0.03813966666666713, 0.021734075471698144, 0.0672403333333329, 0.002085075471698117, -0.00822605759089301, 0.00900939730126138, 0.09575585858855605, -1.1037468015404932, 0.016410942197380422, 3.0, 
3

0.035408490566038564, -0.053060591194968865, -0.038171509433961526, 0.020837408805031155, 0.06396849056603848, -0.001158591194968861, -0.005939626068472648, 0.007117009944320407, 0.09518820349778967, -1.1824209302786897, 0.01827746570039935, 0.0, 
1

0.036873616352201655, -0.050474949685534676, -0.03718038364779841, 0.021169050314465254, 0.05583361635220152, -0.007680949685534677, -0.00699934651620171, 0.006257166202162212, 0.09416302809050035, -1.2989381011506145, -0.017904361115309665, 1.0, 
3

0.03414279874213888, -0.057169238993710514, -0.03653320125786108, 0.026096761006289437, 0.05217279874213887, -0.015755238993710563, -0.009117090618674717, 0.006924132227760449, 0.09325809110063511, -1.523492797836397, -0.10269290776582898, 2.0, 
0

0.02181074842767239, -0.06824270440251579, -0.03696225157232769, 0.031451295597484275, 0.06616874842767229, -0.012329704402515795, -0.005448245039015642, 0.0047032919547770335, 0.09385457385116025, -1.6849191818473308, -0.08473934685382598, 3.0, 
0

0.0010663836477988742, -0.08125595597484248, -0.030077616352201186, 0.028938044025157428, 0.0794783836477988, 0.0013190440251574787, 0.0065832316898292165, -0.005806620658140971, 0.093107594007023, -1.6523947634831737, -0.06107275817634114, 0.0, 
0

-0.006896515723270991, -0.08037662893081743, -0.02079251572327101, 0.02082937106918259, 0.07829048427672902, 0.006768371069182599, 0.0011957396793340624, -0.0017932201903483325, 0.09249730310270374, -1.6503125313952298, -0.020192740133943978, 1.0, 
0

0.0040426415094340085, -0.07724312578616332, -0.029107358490566004, 0.028858874213836594, 0.07605464150943408, -0.0034521257861633847, -0.005581258231009412, 0.004184611562870977, 0.09231807102287064, -1.7206225078164714, 0.005172160820059711, 2.0, 
3

0.016701138364779933, -0.06543813207547189, -0.030950861635220095, 0.031046867924528154, 0.06319013836478005, -0.01697813207547183, -0.008857167625304085, 0.007266498747685479, 0.09365788924152356, -1.84889605666436, -0.005835225116435436, 3.0, 
3

0.018835647798741806, -0.06158267295597475, -0.03017635220125814, 0.03206832704402518, 0.05723864779874177, -0.02237967295597476, -0.00718508047006583, 0.005545111916606782, 0.09542323387367625, -1.9719403968041127, -0.02883786847948537, 0.0, 
3

0.016458264150943314, -0.06365132704402521, -0.02972573584905669, 0.033947672955974784, 0.057667264150943365, -0.02451432704402523, -0.006059108810578473, 0.004450324858008559, 0.09733250933089903, -2.083231298172666, -0.03582279798395003, 1.0, 
3

0.01356913207547128, -0.06396594339622663, -0.027875867924528674, 0.0345880566037734, 0.05604913207547135, -0.026426943396226532, -0.004446982632053009, 0.0027347173505058997, 0.09856410393051206, -2.175870004988323, -0.04083707277136085, 2.0, 
0

-0.002514635220125405, -0.07580432075471677, -0.027444635220125413, 0.0367896792452832, 0.06952036477987455, -0.020252320754716835, -0.0019373395580799535, -0.000570462949774253, 0.09748268885312944, -2.230694782409402, -0.03742381944283769, 3.0, 
0

-0.029854289308175685, -0.08708378616352175, -0.021467289308175763, 0.029517213836478318, 0.08922771069182422, 0.00024321383647829542, 0.004782526318517943, -0.00988540150115047, 0.08952456098055392, -2.1617969745093424, -0.012126795327928052, 0.0, 
0

-0.034655823899371274, -0.08517662264150916, -0.015230823899371249, 0.0204553773584909, 0.09375717610062873, 0.008789377358490835, 0.000752708045223871, -0.004681868168530667, 0.0854183646924301, -2.123446107255101, 0.011227010909955964, 1.0, 
0

-0.017727811320754294, -0.08031575471698094, -0.022523811320754317, 0.03134824528301905, 0.08391518867924574, -0.008274754716981025, -0.003471855498201726, 0.00024404030420943634, 0.08442862517024849, -2.1797320524883794, -0.016991765599077537, 2.0, 
3

-0.005908716981132267, -0.07130539622641563, -0.022734716981132275, 0.03626160377358434, 0.06812428301886775, -0.025605396226415666, -0.0058949020512183425, 0.005293862239473257, 0.08776789994072987, -2.3262492392775007, -0.06302618992477979, 3.0, 
3

-0.003988245283018221, -0.06798959119496828, -0.020731245283018285, 0.0377594088050317, 0.05815875471698173, -0.03271259119496828, -0.004852814975767394, 0.004099663804319698, 0.0906902413918144, -2.4473918066249647, -0.05790812636280942, 0.0, 
3

-0.008287654088050989, -0.06920886163522, -0.018931654088050975, 0.03994413836478006, 0.05518034591194909, -0.03648086163522002, -0.003770655162895431, 0.003352145641207782, 0.09336182428231875, -2.55341642685653, -0.05950826065972202, 1.0, 
3

-0.011917276729559445, -0.06794509433962304, -0.016239276729559493, 0.040647905660376904, 0.05194872327044053, -0.03976609433962308, -0.0024839539554611934, 0.0018448815904198446, 0.09486600077337681, -2.6446577608720814, -0.06250936418806262, 2.0, 
0

-0.031890050314465346, -0.07183985534591208, -0.014104050314465266, 0.04279214465408787, 0.06538194968553468, -0.038939855345912044, -0.0010097073378382282, -0.0016522538916773355, 0.09311082265063225, -2.7150621119033285, -0.061702840707064575, 3.0, 
0

-0.06388835849056596, -0.07108530817610059, -0.009354358490565984, 0.033673691823899454, 0.08736764150943399, -0.028117308176100586, 0.0012949380418370016, -0.012091482196884606, 0.08127111698142321, -2.730576816575086, -0.04741957182529743, 0.0, 
0

-0.0670495911949689, -0.06642286163522038, -0.006099591194968945, 0.023649138364779554, 0.09135540880503112, -0.025374861635220403, -0.0005995986428235511, -0.006171391226096445, 0.07507692871011068, -2.7455532906705598, -0.018543163466676244, 1.0, 
0

-0.0483371572327046, -0.06730432704402534, -0.008640157232704615, 0.03784367295597468, 0.07444884276729535, -0.04000532704402526, -0.003022880069314726, -0.0005064261585797647, 0.07420050918776712, -2.8128610675315655, -0.027954573284705193, 2.0, 
3

-0.03390952830188676, -0.06247171698113241, -0.006001528301886716, 0.04262428301886756, 0.05178747169811326, -0.051499716981132426, -0.0031434198295144933, 0.005567751871907833, 0.07949728337293852, -2.9440770523914126, -0.0845832707602548, 3.0, 
3

-0.03179901886792469, -0.058921119496855745, -0.002248018867924695, 0.04322288050314427, 0.03824398113207528, -0.055468119496855706, -0.002174947096619362, 0.004248341081150908, 0.08364818725523036, -3.060882596490608, -0.08791804254084531, 0.0, 
3

-0.03716783018867953, -0.057385704402515336, 0.0014691698113205032, 0.04438029559748469, 0.031584169811320506, -0.05810770440251534, -0.001166142995724484, 0.0030785309604107747, 0.08670099905791458, 3.1227818815162443, -0.08505512372436061, 1.0, 
3

-0.040867559748427595, -0.05418446540880539, 0.005120440251572322, 0.04384453459119453, 0.025117440251572365, -0.05968846540880546, -0.0004511757214431533, 0.0013642379942306881, 0.08805991233938414, 3.0342700109518366, -0.08316761919378599, 2.0, 
3

-0.0456465911949685, -0.05011555345912, 0.00879640880503152, 0.043173446540879956, 0.02124740880503151, -0.06238055345911997, -7.482056544827476e-05, 0.00020369674259090864, 0.08826296555749052, 2.948666663840146, -0.08473505542386274, 3.0, 
3

-0.05066447798742135, -0.045438364779874396, 0.012395522012578652, 0.042293635220125525, 0.01796252201257864, -0.06532036477987446, 5.453325991811031e-05, -0.0007917855363039905, 0.08747166701711749, 2.865259417158494, -0.08410370193031559, 0.0, 
2

-0.04080966666666663, -0.04117243396226444, 0.013449333333333313, 0.03961956603773553, 0.010517333333333378, -0.06464443396226438, 0.0011502217070268328, 1.5976069902556844e-05, 0.0875052817237172, 2.836244590943522, -0.042157696889577455, 1.0, 
3

-0.037541855345912256, -0.043612075471698875, 0.013787144654087702, 0.043000924528301065, 0.011737144654087706, -0.0684770754716989, 0.003099940573516924, 0.00350779249868427, 0.09113027288562867, 2.8864027452337706, 0.01698686826672341, 2.0, 
2

-0.05284969811320772, -0.0457380566037735, 0.015440301886792351, 0.04534594339622655, 0.009701301886792302, -0.06497005660377353, 0.0020455946615667298, 0.001133132121324265, 0.09239551977323221, 2.889917641225102, -0.017917567120843206, 3.0, 
3

-0.057907201257861085, -0.04293122012578621, 0.01724479874213891, 0.03886677987421383, 0.0007487987421389564, -0.05257122012578619, 0.0004635361724348863, -0.005191929590474653, 0.08725843966200995, 2.8103552331609416, -0.08940730354567764, 0.0, 
2

-0.05002027672955989, -0.03806923899371062, 0.018509723270440093, 0.036925761006289304, -0.0005452767295599514, -0.057798238993710616, 0.0036167219391640693, -0.0020635779891339245, 0.08559804860272191, 2.807475975881013, -0.04706785421573089, 1.0, 
3

-0.04476857232704379, -0.036673169811320516, 0.02034242767295613, 0.041118830188679456, 0.00571942767295619, -0.07327116981132054, 0.006971443585494841, 0.0027745395098863757, 0.08949656537316959, 2.8859841751668567, 0.00524490790462326, 2.0, 
2

-0.051490182389937744, -0.036958893081761146, 0.021294817610062244, 0.04181910691823887, 0.003076817610062177, -0.07063289308176124, 0.004227704781702646, -0.00045879974161888715, 0.09000255252590689, 2.9214607628654874, -0.011573486272482527, 3.0, 
3

-0.05865566666666666, -0.03575877358490531, 0.02051533333333333, 0.03726422641509464, -0.0014146666666665642, -0.05869477358490527, 0.0017905299602495317, -0.0052451734421045115, 0.08542001711194701, 2.924751594161828, -0.032264833408378185, 0.0, 
2

-0.0545158238993706, -0.03477957232704443, 0.019797176100629366, 0.03635742767295558, 0.000792176100629427, -0.0617155723270445, 0.005525719570046661, -0.0026022626924333547, 0.08470018934574149, 3.0007055404008653, 0.004632789926699643, 1.0, 
3

-0.04869614465408789, -0.03744125157232692, 0.01934885534591202, 0.04129374842767308, 0.008374855345912091, -0.07219825157232684, 0.00883752985602071, 0.0015170411800828898, 0.08955139449080686, -3.135427533900822, 0.06043669780110993, 2.0, 
2

-0.05495643396226424, -0.03924025157232691, 0.0186955660377357, 0.042790748427673164, 0.008760566037735673, -0.06935725157232697, 0.006244843201125949, -0.0014208915673843414, 0.09116740191457691, -3.040553739372125, 0.02627349415596363, 3.0, 
3

-0.060442333333333376, -0.03849823899371052, 0.01747266666666658, 0.03818076100628953, 0.006355666666666648, -0.06016223899371054, 0.003998068023842616, -0.005940957263832813, 0.08818557609319726, -2.985195118698448, -0.01726862216590808, 0.0, 
2

-0.05343581132075448, -0.03792074213836516, 0.016059188679245495, 0.037570257861634815, 0.010584188679245488, -0.06457174213836514, 0.0073191078531574805, -0.002905431882418319, 0.09013929842820968, -2.8743647391256886, 0.025241917976476017, 1.0, 
3

-0.04596743396226377, -0.04131627044025077, 0.014611566037736279, 0.042770729559749365, 0.01981956603773627, -0.07245927044025069, 0.009921141718765125, 0.0016805134039190595, 0.09785655596484569, -2.73085236248562, 0.07474435527880206, 2.0, 
2

-0.05102212578616372, -0.04550956603773548, 0.013049874213836299, 0.04450243396226461, 0.018719874213836363, -0.0677455660377354, 0.007491115226930023, -0.0015020555164985128, 0.10200826501006324, -2.62269487445374, 0.04395165029089882, 3.0, 
3

-0.056046949685534475, -0.04667637735848962, 0.011805050314465548, 0.040159622641510406, 0.015366050314465585, -0.0582583773584896, 0.006107759931442858, -0.005907313478289766, 0.1026610143545293, -2.5405404725910237, -0.0006570222168229871, 0.0, 
2

-0.04730055974842795, -0.046044320754717094, 0.009982440251572022, 0.03976667924528288, 0.020456440251572006, -0.061921320754717124, 0.008883266785239985, -0.0026655877680051843, 0.10813577949415787, -2.4295161921877404, 0.03995673447241311, 1.0, 
3

-0.037209748427672995, -0.049056779874214085, 0.006661251572326998, 0.044779220125785946, 0.03206425157232706, -0.06757677987421407, 0.010409380967648874, 0.002181679849535434, 0.11798084927985648, -2.295622963956153, 0.0982686481700907, 2.0, 
2

-0.04068211320754678, -0.05518657861635279, 0.003780886792453253, 0.04643042138364728, 0.03128288679245317, -0.062390578616352776, 0.00845052186028905, -0.0013432930291239487, 0.12446187837023893, -2.1830922980864966, 0.0664227534827037, 3.0, 
3

-0.04363606918239005, -0.058608194968553184, 0.002330930817609933, 0.041814805031446856, 0.026370930817609883, -0.05209819496855317, 0.00785312942887162, -0.006302088294317443, 0.1283872784573601, -2.084157462715653, 0.025565442691488464, 0.0, 
2

-0.03329308176100654, -0.05591204402515737, 4.991823899347381e-05, 0.04121695597484254, 0.0337259182389934, -0.055167044025157375, 0.01005388480908409, -0.00225501785335136, 0.13656316501399107, -1.9823208427696275, 0.054475409999155615, 1.0, 
3

-0.020842698113207936, -0.056537660377358634, -0.00543969811320788, 0.045177339622641366, 0.0474073018867921, -0.05710366037735859, 0.010168509498524547, 0.003021776043936941, 0.1470986374023098, -1.852541642172426, 0.1210418963076072, 2.0, 
0

-0.021032817610062926, -0.06396472955974808, -0.011001817610062914, 0.04608727044025196, 0.05521218238993708, -0.04943272955974809, 0.010083004789330108, -0.0015228298193061818, 0.15587586446499957, -1.7037580203834641, 0.11450077122473346, 3.0, 
0

-0.03510227672955968, -0.07365638993710688, -0.0145862767295597, 0.03801761006289306, 0.0744957232704403, -0.03179238993710687, 0.013350966661119679, -0.013388668852682972, 0.16444010379379081, -1.4663994984173758, 0.13201983959219568, 0.0, 
0

-0.029089622641509716, -0.07056955974842738, -0.013557622641509726, 0.026715440251572575, 0.0784173773584903, -0.019994559748427454, 0.011978774875846199, -0.005222259152575681, 0.1748476992116139, -1.3165277574629723, 0.10326440312790144, 1.0, 
0

-0.011808861635220214, -0.07212289937106897, -0.02116086163522024, 0.03672210062893089, 0.07118813836477977, -0.026377899371069047, 0.008022568223752247, 0.003961832081018857, 0.18354421806417398, -1.2751222619717775, 0.05315229168485087, 2.0, 
3

0.007763433962264088, -0.06535408805031429, -0.024969566037735924, 0.03777591194968588, 0.05351043396226407, -0.03250408805031424, 0.0062416034042114266, 0.008336303386769828, 0.19162022525748207, -1.2488876698093738, 0.061295422940310484, 3.0, 
3

0.017996836477987443, -0.059557547169811764, -0.02755616352201251, 0.03526245283018836, 0.047854836477987495, -0.030797547169811645, 0.008172437792540843, 0.005993565973174464, 0.20110025388174338, -1.1878729742763503, 0.07926929089095551, 0.0, 
3

0.02163457232704369, -0.05898522012578589, -0.03073442767295631, 0.034444779874214015, 0.05320857232704368, -0.027995220125786036, 0.008437131060899383, 0.0050358007255066894, 0.2106163898432487, -1.134561524903259, 0.06520132998546514, 1.0, 
3

0.02507645283018911, -0.05406207547169806, -0.03200154716981085, 0.032317924528301845, 0.05508145283018917, -0.025682075471697985, 0.009353824143372491, 0.0035006818918836835, 0.22058317694629329, -1.08559408138041, 0.051945223411355414, 2.0, 
3

0.026933559748428038, -0.05222308176100565, -0.03338644025157189, 0.030556918238994424, 0.05820355974842806, -0.022163081761005676, 0.009761984853023598, 0.0029278492088924413, 0.2307747002170572, -1.0362818707934505, 0.04914039867406886, 3.0, 
3

0.028369823899370816, -0.05376427672955919, -0.0350421761006291, 0.02916572327044098, 0.061058823899370895, -0.017794276729559133, 0.010172515119018621, 0.0026080026801496015, 0.24126643092163452, -0.9873150995888221, 0.04704641278482569, 0.0, 
2

0.031957742138364775, -0.041088301886792244, -0.03507525786163512, 0.02482169811320767, 0.05855174213836478, -0.01605830188679236, 0.009562612925238745, 0.004097368434886617, 0.25160781026627915, -0.913645866097365, 0.07827524939350741, 1.0, 
3

0.03938149056603779, -0.0358644654088045, -0.040806509433962246, 0.020725534591195638, 0.06514049056603777, -0.0069444654088044455, 0.0063523763713710935, 0.006912227489940026, 0.25975203747786235, -0.786001976085251, 0.14590907159073807, 2.0, 
0

0.045569201257861125, -0.0486922641509433, -0.04648779874213893, 0.016827735849056724, 0.0679462012578611, 0.009987735849056767, 0.008931640422159881, 0.0046623753391088485, 0.2696955232174079, -0.6695027353379336, 0.12263695931416282, 3.0, 
0

0.043480459119496606, -0.06263534591194908, -0.042071540880503355, 0.011494654088050948, 0.06780945911949665, 0.029974654088051, 0.023439757036330944, 0.0006115626837497334, 0.2922029074413149, -0.5654839410872716, 0.08060119389637437, 0.0, 
0

0.03850015094339543, -0.05745371069182381, -0.03095184905660453, 0.008076289308176277, 0.05998915094339552, 0.03120628930817615, 0.014474243203174142, 0.0051157349141384145, 0.30754236781067334, -0.5560598487433197, 0.011468001014668277, 1.0, 
0

0.047559610062893776, -0.05004515723270364, -0.042195389937106254, 0.009424842767296271, 0.06502161006289375, 0.025804842767296332, 0.0027084855657181217, 0.007532277888106398, 0.3124264511661452, -0.5410339398174234, 0.0354849436282443, 2.0, 
3

0.052423893081760986, -0.032698176100629306, -0.04532310691823893, 0.007701823899370686, 0.06110289308176098, 0.014011823899370723, -0.0031183914514828492, 0.007311464974976145, 0.31187707115610297, -0.5150068181965693, 0.05143114797244173, 3.0, 
3

0.05275803773584886, -0.022265094339622538, -0.04432896226415106, 0.004624905660377321, 0.05639003773584894, 0.01083490566037737, 0.0004104934111116565, 0.0057667091376898405, 0.31426698341447556, -0.46745356753905415, 0.06436821913039481, 0.0, 
3

0.056156396226415106, -0.022110566037736312, -0.046254603773584924, 0.001849433962263669, 0.05802839622641509, 0.017889433962263723, 0.0012937029440062142, 0.00496990936077113, 0.3172707909373924, -0.4166523259507125, 0.06399287460521369, 1.0, 
3

-0.05666511320754719, 0.01828069182390002, 0.04563388679245284, 0.0011006918239000463, -0.05635511320754716, -0.021699308176099885, -0.003332336964116611, -0.00424208010264282, 0.32194139537313127, -0.36101980228689234, 0.06407787269855755, 2.0, 
0

-0.06172474842767295, 0.028405974842767634, 0.04672425157232707, 0.004195974842767569, -0.05593274842767293, -0.03946402515723246, -0.007707887791933765, -0.0040471883000590125, 0.3306062334550696, -0.29815862080072786, 0.06544730900984659, 3.0, 
0

-0.06508720754717023, 0.05116389937106991, 0.04062579245282982, 0.006233899371069773, -0.04633220754717016, -0.06661610062893009, -0.01993193218822631, -0.004961776540291174, 0.3509469605019527, -0.2270778636159326, 0.06269653399479479, 0.0, 
0

-0.06202963522012539, 0.04644918238993667, 0.02897736477987467, 0.006349182389936647, -0.03793763522012539, -0.06946081761006329, -0.01259216918410333, -0.004802636551401784, 0.36442245142791163, -0.16308389410547472, 0.06344043180158868, 1.0, 
0

-0.06630335849056612, 0.030022578616351936, 0.04006664150943384, 0.010762578616352103, -0.04342235849056619, -0.06174742138364797, -0.0029083698420464543, -0.0027153631986338578, 0.3681316228973871, -0.12029299635216445, 0.04672264701807554, 2.0, 
3

-0.06471898113207597, 0.01140899371069204, 0.04286901886792405, 0.014208993710691953, -0.04543398113207597, -0.047911006289308, 0.0027947736307595283, -0.0007336632000685128, 0.36581708317109124, -0.06737297964646125, 0.05763350419370178, 3.0, 
3

-0.06122360377358549, 0.0007342138364785367, 0.040853396226414596, 0.016684213836478445, -0.04266360377358547, -0.04232578616352156, -0.00035422636924081763, -0.0014179720200580004, 0.3666826737418628, -0.002924085733834317, 0.06766434193772766, 0.0, 
3

-0.06370684905660395, -0.0013771069182384466, 0.04102015094339606, 0.01990289308176152, -0.04016484905660389, -0.04839710691823851, -0.0016148478294688573, -0.0012867122730644276, 0.3686662731904695, 0.059532450748002536, 0.06401585499394923, 1.0, 
3

-0.06266503144654079, -0.004660566037736347, 0.03929896855345916, 0.021869433962263596, -0.03708603144654077, -0.05123056603773635, -0.003710414467121559, -0.001699187347967257, 0.3727444561963295, 0.11520011919604237, 0.05607532345266657, 2.0, 
0

-0.07165025157232685, 0.004539622641509311, 0.03919374842767309, 0.024409622641509143, -0.027454251572326838, -0.06783037735849073, -0.007428171181937504, -0.003516336667256592, 0.3809530167402204, 0.16333230979339258, 0.04919992024027649, 3.0, 
0

-0.08377217610062893, 0.026732012578616793, 0.031053823899371058, 0.021422012578616867, -0.004647176100628925, -0.08812798742138317, -0.017191598483757398, -0.009750484655916214, 0.4005769530337663, 0.20417556857978927, 0.046859899270667374, 0.0, 
0

-0.08377019496855309, 0.028586981132076028, 0.021405805031446956, 0.01612698113207589, 0.004500805031446897, -0.0884330188679241, -0.01120203507732459, -0.006273014236980012, 0.41333954310773974, 0.24253937022091626, 0.04179787461614998, 1.0, 
0

-0.07951780503144645, 0.009019937106918174, 0.03110019496855354, 0.02501993710691819, -0.00822680503144646, -0.07928006289308187, -0.004989451371679221, -0.0017385183121847447, 0.41861120109351657, 0.2752015575499646, 0.03180649544762078, 2.0, 
3

-0.06815920125786168, -0.008586855345911859, 0.033273798742138316, 0.028533144654088183, -0.01891920125786173, -0.06760685534591171, -0.0008932418387840868, 0.0017265833515265339, 0.4187616471321175, 0.3112021646057428, 0.03137153658751853, 3.0, 
3

-0.06186500000000006, -0.01609144654088035, 0.032000999999999946, 0.029588553459119593, -0.02088600000000007, -0.06193144654088023, -0.003074092825246122, 0.0006530373020190439, 0.42134681111383493, 0.35285783275435295, 0.0374013904844646, 0.0, 
0

-0.05100762893081756, -0.02337911949685534, 0.029573371069182453, 0.02938088050314458, -0.023626628930817573, -0.05097911949685541, -0.0019153157543988497, 0.0021885043032014995, 0.42228591281283606, 0.39526777100069604, 0.035884649889330635, 1.0, 
0

-0.04249779245282992, -0.02874056603773556, 0.028177207547170124, 0.02998943396226439, -0.02581179245282994, -0.04325056603773558, 0.004759228494939316, 0.009638816675143769, 0.41430317819430973, 0.446891120388982, 0.03441076564946292, 2.0, 
0

-0.06337976729559769, -0.02452679245282985, 0.03287023270440237, 0.037243207547170254, -0.01696176729559762, -0.06480679245282972, 0.004993959944801285, 0.011144707337838344, 0.4057109532369207, 0.49920320440913074, 0.03114361518776066, 3.0, 
0

-0.07597527044025132, -0.011746603773585163, 0.03045872955974871, 0.03554339622641489, -0.0006982704402512807, -0.07597660377358517, -0.007739847969329583, -0.003105612082274778, 0.4140461460304491, 0.5131334013488266, 0.014596751778204875, 0.0, 
0

-0.0641253270440254, -0.010687924528302029, 0.019465672955974567, 0.02300207547169797, 0.0006176729559745908, -0.06297792452830198, -0.006039068195269837, -0.0012926152773551358, 0.4201639044949622, 0.5213545355049141, 0.006194919446898759, 1.0, 
0

-0.07076264779874197, -0.017562012578616226, 0.026333352201257987, 0.03253798742138381, -0.0022916477987420247, -0.0708720125786162, 0.0006457895904839472, 0.006917431327967849, 0.41725069532622583, 0.5583428524787144, 0.021924512677469872, 2.0, 
3

-0.06116752830188632, -0.02720163522012542, 0.027680471698113607, 0.03600836477987457, -0.011232528301886369, -0.06364163522012545, 0.0047021012331828205, 0.011766430353105317, 0.4090821387594623, 0.6068056077475736, 0.025015894595409264, 3.0, 
3

-0.05245220125786143, -0.029589119496855165, 0.025982798742138602, 0.034010880503144936, -0.014730201257861397, -0.05677911949685499, 0.0013495811847125117, 0.0075143271963142855, 0.40557009328579013, 0.6264519478505871, 0.0030038199511123334, 0.0, 
1

-0.056292446540880725, -0.02971572327043992, 0.027452553459119233, 0.03394427672956013, -0.01782344654088075, -0.05244572327043984, 0.0016185406365013533, 0.00839043031955633, 0.40167627231058356, 0.6176149618255474, -0.027682756872734905, 1.0, 
3

-0.061964553459119776, -0.025448867924528162, 0.03185944654088024, 0.03174113207547191, -0.024915553459119777, -0.04581886792452816, 0.003250240008283445, 0.009241272423620828, 0.39613497997589814, 0.5306642810187787, -0.1072027215796381, 2.0, 
0

-0.07089640880503167, -0.010451069182390027, 0.03758259119496832, 0.03070893081761006, -0.026022408805031594, -0.05913106918238986, 0.000886015037647625, 0.004632308111538697, 0.3941412564618825, 0.44302759699541594, -0.09845362459095415, 3.0, 
0

-0.07982405660377379, 0.011666666666667158, 0.03507494339622619, 0.024926666666667208, -0.016024056603773817, -0.0746733333333327, -0.01115925120295358, -0.0058076211415325485, 0.4063780737313046, 0.36850131835641514, -0.06723388886158024, 0.0, 
0

-0.07304742138364773, 0.013923899371067971, 0.02489857861635225, 0.01764389937106814, -0.010936421383647699, -0.07276610062893196, -0.006319964450167803, -0.0014987402460235888, 0.4128724451441606, 0.36740558838181875, -0.0013553955842633598, 1.0, 
0

-0.07362232704402483, 0.005506289308176537, 0.0347656729559751, 0.024146289308176527, -0.020572327044024896, -0.07136371069182346, 0.0027554766964810185, 0.004233181098995287, 0.409172759632416, 0.3663317928444641, -0.009440162000564344, 2.0, 
3

-0.06458886163522048, -0.005572138364779322, 0.03797713836477956, 0.02368786163522074, -0.033125861635220466, -0.05486213836477938, 0.0076140270495728135, 0.005400098442914336, 0.40050554750319095, 0.32553194065392976, -0.04936206068565132, 3.0, 
3

-0.061234314465408834, -0.005791132075471106, 0.03906668553459114, 0.020838867924528826, -0.03821131446540882, -0.04569113207547115, 0.0060265675377131345, 0.0024860947089959673, 0.39407001418981935, 0.26048316773617336, -0.06766962592722499, 0.0, 
3

-0.06415026415094394, 0.0001464779874214006, 0.04176973584905608, 0.018676477987421336, -0.04178326415094391, -0.04542352201257871, 0.005741056539211864, 0.0008745496288432575, 0.3882808191216664, 0.1897532960566306, -0.06955894318419774, 1.0, 
3

-0.06332752201257874, 0.0042189937106920095, 0.04207747798742123, 0.015438993710692017, -0.04400452201257876, -0.04108100628930811, 0.004240385631167243, -0.0010453826332261773, 0.3843969709616645, 0.11578560882247585, -0.06879766582002052, 2.0, 
0

-0.06941430188679232, 0.02412314465408749, 0.0445826981132077, 0.013133144654087436, -0.04458530188679233, -0.0539668553459125, 0.000816606420185273, -0.0030618555899133426, 0.38433158794163186, 0.04235272405635311, -0.06519014373423031, 3.0, 
0

-0.07055710691823902, 0.05399100628930764, 0.037575893081761014, 0.009781006289307559, -0.03535410691823904, -0.07763899371069227, -0.010182352048968613, -0.006459953406482866, 0.3957917504616793, 0.0009058758186805658, -0.031827306700940784, 0.0, 
0

-0.06517984276729538, 0.055657628930817715, 0.026152157232704587, 0.006677628930817692, -0.03142684276729546, -0.08162237106918235, -0.002768456439347422, -0.0048724019114715356, 0.3997149038399771, -0.013808157193147444, -0.004653136501407175, 1.0, 
0

-0.06646397484276756, 0.04117384276729563, 0.03912902515723238, 0.0090038427672956, -0.042332974842767546, -0.06988615723270453, 0.005237475353125687, -0.00287474500071061, 0.3954299057829416, -0.04810688199508485, -0.023826410004073786, 2.0, 
3

-0.06275901886792423, 0.02622226415094353, 0.042965981132075726, 0.007792264150943362, -0.05043701886792429, -0.048607735849056644, 0.011255107993084656, -0.0029485461826919135, 0.3854390695477162, -0.110141033802426, -0.04676062522191394, 3.0, 
3

-0.06076423899371086, 0.023759798742138072, 0.04313776100628919, 0.005559798742138078, -0.05206323899371079, -0.03728020125786191, 0.009816796722756482, -0.004677885705177687, 0.3774368877736683, -0.18067706459556143, -0.051230788976553907, 0.0, 
2

-0.055136553459119386, 0.015616616352201573, 0.04267044654088059, 0.004846616352201405, -0.05370055345911939, -0.0319133836477985, 0.01111879538815258, -0.006455832508029835, 0.3689296877579486, -0.2215920366722947, -0.01508030173618982, 1.0, 
3

0.05407734591194968, -0.007607968553459132, -0.04421765408805034, -0.008157968553459183, 0.0551473459119497, 0.036512031446540805, -0.014264162587093954, 0.006847287228330723, 0.357880004896709, -0.1834142282408495, 0.06934633121335401, 2.0, 
0

-0.06451306289308167, 0.01690074842767242, 0.04722893710691839, 0.011610748427672402, -0.05034306289308166, -0.049439251572327425, 0.010519548328358441, -0.007663724559429763, 0.35096829652898726, -0.15591773321948585, 0.05861514015751907, 3.0, 
0

-0.07087601257861642, 0.03511365408805045, 0.04077398742138355, 0.012580654088050425, -0.038763012578616474, -0.06809934591194966, -0.004630604207414846, -0.011243797227762364, 0.35968833734563943, -0.12155200228038417, 0.058219395185390474, 0.0, 
0

-0.06448166037735836, 0.03463102515723249, 0.02854433962264169, 0.009784025157232534, -0.031832660377358324, -0.07011597484276755, 0.002596438697438641, -0.009688009134381614, 0.36141188450802364, -0.11802048071133761, 0.030936993432616546, 1.0, 
0

-0.06760213207547183, 0.02574140880503195, 0.039661867924528194, 0.013064408805032013, -0.04046113207547186, -0.06372559119496812, 0.012613909360770725, -0.006733445082371947, 0.35315061369072, -0.16270303135002534, -0.012014073113848634, 2.0, 
0

-0.06897557232704388, 0.025246534591194525, 0.04478142767295612, 0.013760534591194418, -0.04317557232704394, -0.06076946540880557, 0.0165423945680514, -0.0064851797314111614, 0.3417473145232055, -0.22200602511582862, -0.02007737086152914, 3.0, 
0

-0.07084847798742178, 0.0430070503144655, 0.039927522012578265, 0.011721050314465353, -0.03616947798742176, -0.07541894968553464, 0.002711810941569137, -0.010883038735330475, 0.34497175883568765, -0.2658813621801613, -0.012587797100480493, 0.0, 
0

-0.06380611949685566, 0.04311384276729546, 0.028508880503144374, 0.007581842767295344, -0.034846119496855676, -0.07070815723270463, 0.006708493521422998, -0.0102841837605534, 0.34486392324743637, -0.32708732573298566, -0.02560632570381862, 1.0, 
0

-0.06605310691823901, 0.03369230188679273, 0.040444893081761024, 0.009373301886792751, -0.04510810691823902, -0.06052669811320732, 0.015989340953918074, -0.00821305597655586, 0.3364665325513739, -0.4059444710052079, -0.03219563428204325, 2.0, 
3

-0.06152465408805036, 0.017214886792452533, 0.0437543459119496, 0.00899988679245256, -0.0509086540880504, -0.04162011320754755, 0.02212651414202993, -0.007433678018147094, 0.3236010434348131, -0.4898495025590151, -0.024872578037523577, 3.0, 
3

-0.057241899371069105, 0.011129257861635322, 0.043029100628930894, 0.008219257861635354, -0.05143989937106913, -0.034210742138364614, 0.018972493388747458, -0.008839220079933097, 0.31521455926573133, -0.5640219591069126, -0.014119279042929967, 0.0, 
2

0.051261779874213875, -0.0033798364779875634, -0.04256922012578612, -0.009859836477987605, 0.05273577987421385, 0.03635016352201248, -0.019869632397416015, 0.009630427627102534, 0.307988120525221, -0.592135025940261, 0.03886280371455741, 1.0, 
3

0.04760792452830187, 0.00677845911949615, -0.04208807547169813, -0.01610154088050375, 0.05033392452830188, 0.0467284591194963, -0.02185517768186951, 0.009068797515003446, 0.3005213547060765, -0.5281707685654127, 0.13778344006688897, 2.0, 
0

-0.06240600000000024, -0.005340761006289663, 0.04301599999999978, 0.02347623899371043, -0.038238000000000216, -0.0591207610062896, 0.01707072193916359, -0.00917929497026515, 0.29758833152982267, -0.458057448282093, 0.134190145473998, 3.0, 
0

-0.07346997484276696, 0.0012556037735846903, 0.03564502515723306, 0.026993603773584618, -0.018594974842766954, -0.07308439622641538, 0.0027371228307776496, -0.016869756087597776, 0.31004013666606456, -0.3480273253561635, 0.1485710937070593, 0.0, 
3

-0.07016190566037711, 0.0012479811320758039, 0.025680094339622872, 0.0238579811320756, -0.0038259056603771047, -0.07959201886792422, 0.006861025536418874, -0.016634900370550598, 0.3206161893322095, -0.2937237127912129, 0.10048256527894901, 1.0, 
3

-0.08581067924528307, 0.012318018867924385, 0.029354320754716945, 0.02799901886792444, 0.010368320754716942, -0.08901198113207553, 0.009191819268426604, -0.01347909168109751, 0.3279534126336057, -0.32552675027280703, 0.013139157273607382, 2.0, 
3

-0.08460557232704402, 0.00967365408805021, 0.027034427672955996, 0.02462365408805023, 0.001019427672955986, -0.07988634591194965, 0.008670455419103718, -0.014568696654698177, 0.33713123788767313, -0.391407095396004, -0.023007709776916904, 3.0, 
3

-0.08680392452830193, 0.015098075471698058, 0.02929307547169807, 0.025678075471698092, 0.0011600754716980521, -0.08314192452830182, 0.011335561302561192, -0.014149059448847257, 0.34547832843079496, -0.4576024944501699, -0.019033160648035008, 0.0, 
2

-0.07243550314465413, -0.0006099937106911479, 0.02804049685534582, 0.025920006289308795, -0.006013503144654153, -0.07840999371069124, 0.012405132509301808, -0.013535822384995178, 0.353615891157996, -0.47830522936320735, 0.02639033683901264, 1.0, 
3

-0.06421606918239009, -0.015179433962264843, 0.028871930817609914, 0.03237056603773536, -0.00428706918239008, -0.07786943396226476, 0.014624734690509511, -0.010311504433642926, 0.3587653947295644, -0.43008187622007055, 0.09634242518366046, 2.0, 
3

-0.060685918238993664, -0.02727601257861645, 0.026878081761006367, 0.0365039874213835, -0.00848591823899364, -0.06637601257861658, 0.013854478922339819, -0.00995935641072121, 0.3645726907535583, -0.380794168711488, 0.0936538387605729, 3.0, 
3

-0.05451276729559734, -0.03601616352201287, 0.022954232704402666, 0.03757383647798718, -0.009014767295597359, -0.0564961635220127, 0.013600368133859675, -0.011458863954570186, 0.3725938049175571, -0.33758786909102556, 0.08627580902166619, 0.0, 
0

-0.04126170440251592, -0.043227735849056925, 0.01861029559748406, 0.03867226415094316, -0.008833704402515907, -0.051457735849056885, 0.015022360509948762, -0.008138778786939138, 0.37776470922137556, -0.28111298089122977, 0.09988291702753133, 1.0, 
0

-0.023883509433962113, -0.048734654088050444, 0.011108490566037854, 0.04306434591194952, -0.002410509433962149, -0.054704654088050475, 0.016599741063518247, 0.0005567934399495211, 0.3748032627648366, -0.12847694159342754, 0.19607221732068963, 2.0, 
3

-0.018183157232704472, -0.05550957232704423, 0.0037858427672954886, 0.04793842767295586, 0.010898842767295525, -0.05955957232704412, 0.013812304521088836, 0.0038463870747610374, 0.3695153954971424, 0.009348280285193435, 0.17363837201386131, 3.0, 
3

-0.004570301886792527, -0.05506513207547181, -0.0038613018867925675, 0.045604867924528114, 0.012902698113207434, -0.05255513207547202, 0.010945336942491779, 0.00015978047846632037, 0.3685534559024768, 0.14307601818885504, 0.16327663771647255, 0.0, 
3

0.0024810440251574195, -0.05656384276729587, -0.010585955974842576, 0.044360157232704145, 0.020176044025157408, -0.04894384276729591, 0.009465811168465343, -0.0003933810794386483, 0.368513465104765, 0.2671565261281601, 0.14978823665265034, 1.0, 
3

0.007574987421383628, -0.05875550943396246, -0.016902012578616343, 0.043817490566037565, 0.030986987421383644, -0.04708550943396239, 0.008096230057802023, -0.0007160379798513139, 0.36905202772184476, 0.3790597298426588, 0.13389483688461562, 2.0, 
0

0.009274905660377308, -0.06093830817610024, -0.023084094339622663, 0.042196691823899735, 0.048893905660377324, -0.04132830817610034, 0.00914895399147403, -0.004790068167817685, 0.37385523492144085, 0.48687946112721675, 0.13243245251341826, 3.0, 
0

-0.0006281069182388632, -0.07159387421383567, -0.026181106918238883, 0.036736125786164364, 0.07111589308176114, -0.02186387421383562, 0.01628190572493937, -0.016302274270528994, 0.39070917331563915, 0.564373663862213, 0.11860281888362595, 0.0, 
0

0.002705742138364664, -0.06480780503144601, -0.021557257861635315, 0.02442319496855405, 0.06403674213836466, -0.010657805031446088, 0.013498036235871591, -0.009868968184085336, 0.4015112797126256, 0.6361107784285958, 0.10396370331552243, 1.0, 
0

0.01605566666666655, -0.06705605031446527, -0.031123333333333475, 0.029688949685534816, 0.06560466666666653, -0.013646050314465086, 0.004926583013321079, 0.0004399160529774404, 0.4015317551716037, 0.7096238378839126, 0.08583163693265819, 2.0, 
3

0.03101971698113204, -0.055015358490566046, -0.036646283018867964, 0.028702641509434024, 0.059746716981132014, -0.017154358490566013, -0.0007876213505693397, 0.003304879212204681, 0.39816530912429743, 0.8081500523290321, 0.09738117735503204, 3.0, 
3

0.0381072830188679, -0.04174792452830156, -0.03745371698113209, 0.023492075471698404, 0.05301728301886788, -0.016040924528301526, 0.001624763192305867, -0.0011189415038873607, 0.3994410169665523, 0.9086100846384692, 0.1042333560524801, 0.0, 
1

0.043274270440251505, -0.041572289308175914, -0.0390187295597485, 0.020757710691824194, 0.04773027044025152, -0.014549289308175894, -0.0007010884196880229, -0.0021055205126008225, 0.40146525581063014, 0.9821685857811777, 0.07128730467799757, 1.0, 
3

0.04495429559748432, -0.04735588050314443, -0.0400957044025157, 0.021884119496855647, 0.04595829559748432, -0.016009880503144336, -0.0037711848489683786, -0.002266301951354688, 0.40336449945471636, 0.9813338727746588, -0.010697069753233592, 2.0, 
1

0.04229818238993707, -0.04691617610062948, -0.042873817610062925, 0.023132823899370436, 0.06199218238993706, -0.008457176100629571, 0.00014598011750271978, -0.003771576632982443, 0.4071340064111481, 0.9866292921959295, 0.004821286210967295, 3.0, 
3

0.03712348427672968, -0.033627207547169524, -0.039756515723270325, 0.01909479245283041, 0.06650448427672967, -0.0035322075471695413, 0.007344402759725366, -0.007002142007488277, 0.4148177024722685, 1.0175318170581689, 0.047030996513605525, 0.0, 
1

0.03914688679245293, -0.03865583647798754, -0.03767211320754704, 0.017222163522012446, 0.05582688679245293, -0.005466836477987624, 0.003655689255539163, -0.006627528149597217, 0.4218035879770805, 1.0295344650592668, 0.01896664064270796, 1.0, 
3

0.04281559748427671, -0.05790428930817593, -0.04154740251572331, 0.020709710691824035, 0.05397859748427669, -0.006675289308175958, -0.0013719314218623713, -0.004084739458215414, 0.42571244124728863, 1.0001907418928386, -0.03362293109232963, 2.0, 
1

0.0422337924528301, -0.05556969182389915, -0.04267720754716986, 0.02111930817610086, 0.05976679245283012, -0.003675691823899152, 0.004251336195679523, -0.00453125420662337, 0.43069247500875973, 0.9943997726162199, 0.002886315602637831, 3.0, 
3

0.03696608176100624, -0.043314666666665946, -0.038605918238993786, 0.019215333333334028, 0.06394508176100622, -0.001594666666665967, 0.010556835490867778, -0.00655896118930499, 0.4385453788073271, 0.9699319250621576, -0.0023017720957689497, 0.0, 
1

0.03539552201257856, -0.050058742138364476, -0.036856477987421477, 0.020182257861635633, 0.05936252201257852, -0.0044207421383644085, 0.006261910862410958, -0.005871347931331927, 0.4452604860100114, 0.9186700321730246, -0.03916127766033787, 1.0, 
3

0.032969666666666675, -0.06382386792452832, -0.038402333333333316, 0.025555132075471776, 0.05714466666666668, -0.010405867924528245, 0.002017870243878228, -0.003306393291092058, 0.4488354967419118, 0.8291608138299258, -0.08617378707757338, 2.0, 
0

0.025229943396226417, -0.06885205031446484, -0.03781705660377355, 0.029100949685535116, 0.06286394339622642, -0.010772050314464932, 0.007148658297513377, -0.004904447475799656, 0.4548251753048777, 0.7465776383449831, -0.06871155858567779, 3.0, 
0

0.005668993710691794, -0.07981594339622611, -0.031146006289308192, 0.028687056603773797, 0.07559399371069181, -0.0008639433962261966, 0.017991894370750938, -0.012815275571012252, 0.47073204118071565, 0.6250044745044686, -0.08844765474091824, 0.0, 
0

0.00045415094339629203, -0.0737096100628929, -0.022062849056603717, 0.022447389937107154, 0.07008715094339632, -0.0014336100628927761, 0.011915734334680073, -0.00830788722628295, 0.4813604565315464, 0.5544901668815445, -0.049712889794654776, 1.0, 
0

0.010765616352201357, -0.06959718238993695, -0.029692383647798637, 0.031748817610062985, 0.06784061635220134, -0.015204182389937038, 0.0034191726563942426, 0.00021736322574084088, 0.4819140480481139, 0.5226519383188895, -0.024818295420915244, 2.0, 
0

0.012384584905660245, -0.06713906289308191, -0.03142741509433972, 0.036762937106918026, 0.06710158490566026, -0.021812062893082018, 0.001962092881113542, 0.0035563181658022636, 0.47890447789770557, 0.4723463083952223, -0.044627976176897226, 3.0, 
0

0.0018686415094340547, -0.0745441446540881, -0.02912035849056599, 0.035036855345911944, 0.07355364150943405, -0.014860144654088026, 0.011991997341475047, -0.007972963922514675, 0.48954844911113593, 0.43844046078641147, -0.013873201683428678, 0.0, 
0

0.0052706981132076836, -0.06103267924528377, -0.021715301886792326, 0.025359320754716252, 0.058594698113207666, -0.014351679245283688, 0.009001466408285697, -0.004329560127612986, 0.49606707879981454, 0.43778578326302514, 0.014703290887461501, 1.0, 
0

0.015432433962264236, -0.062378849056603736, -0.028600566037735753, 0.03301015094339632, 0.057858433962264255, -0.024270849056603705, 0.00035065545866719283, 0.0068500218233090715, 0.48956432911854225, 0.4391640488136646, 0.005805463740320735, 2.0, 
0

0.013831201257861692, -0.06718498113207505, -0.03192079874213832, 0.03799001886792497, 0.06268220125786172, -0.02527998113207497, -0.002499170438539089, 0.012163485608006064, 0.47717988796573985, 0.4221416511989572, -0.015146751008523066, 3.0, 
0

0.003839415094339771, -0.07368615723270433, -0.029441584905660234, 0.03591884276729573, 0.06960341509433976, -0.018504157232704266, 0.00910287927600939, -0.0005968569271522783, 0.4803173299044209, 0.3920675411536688, -0.012181447361021428, 0.0, 
0

0.004586094339622482, -0.060262886792452175, -0.02086390566037749, 0.025606113207547798, 0.05612309433962248, -0.015751886792452208, 0.006434169765467401, 0.0028539776654766813, 0.47950506879745936, 0.37458003069385554, -0.002918625772933201, 1.0, 
0

0.011499113207547096, -0.0645083396226408, -0.027170886792452886, 0.033235660377359144, 0.05942711320754712, -0.024188339622640886, -0.0015391698571741164, 0.013348204724459967, 0.46632852173207934, 0.370648861888996, 0.001632748785986405, 2.0, 
0

0.008138698113207443, -0.07030249056603766, -0.030824301886792582, 0.038236509433962285, 0.06613169811320746, -0.023135490566037697, -0.004573491793173234, 0.018637183971178306, 0.44719321728980777, 0.3606188831960493, -0.0068554497577040996, 3.0, 
0

-0.0036836352201257694, -0.07741435849056666, -0.02758763522012575, 0.0346576415094334, 0.07493136477987422, -0.013987358490566648, 0.006898930190391617, 0.005137514391994169, 0.44454409164059855, 0.3360853393620705, -0.006178905067488375, 0.0, 
0

-0.00545830817610049, -0.0695076352201256, -0.01946430817610051, 0.024333364779874356, 0.06918869182389947, -0.009799635220125613, 0.004327064263698388, 0.00857642471756992, 0.4379300124258118, 0.3226774644439007, 0.0023813596512493942, 1.0, 
0

0.0012904654088052303, -0.07193511949685583, -0.02617153459119481, 0.03300388050314418, 0.07015246540880521, -0.017950119496855876, -0.002006250572846313, 0.017211578995538823, 0.4211015545332273, 0.30882414527766944, -0.004233252035700981, 2.0, 
0

0.0009276603773585301, -0.07368270440251545, -0.028855339622641474, 0.03740729559748457, 0.0709146603773585, -0.019743704402515383, -0.0039061410233044436, 0.020808630589180366, 0.4002739641446545, 0.28615743049179493, -0.013401797129969353, 3.0, 
0

-0.015057710691823878, -0.08222104402515773, -0.02515071069182384, 0.032736955974842274, 0.08267528930817614, -0.0067860440251577, 0.005792432503754774, 0.008565901959984967, 0.3944815835621334, 0.26264374325363654, -0.0019565418301310906, 0.0, 
0

-0.019134062893081782, -0.07839981132075458, -0.01765506289308183, 0.023175188679245506, 0.08180593710691819, -0.002503811320754501, 0.004180990266457463, 0.0113589763969002, 0.38567251409812975, 0.2372878531450086, -0.0040736095750891505, 1.0, 
0

-0.009716761006289265, -0.07676823899371077, -0.02399376100628925, 0.03277476100628918, 0.07759423899371076, -0.01397623899371081, -0.000541410319408131, 0.018250981565905766, 0.3688072006464322, 0.19965367272928142, -0.01908241196371268, 2.0, 
3

0.0036584150943397287, -0.06707606918239029, -0.02489258490566032, 0.0360009308176098, 0.062416415094339706, -0.027296069182390248, -0.0031142314154124495, 0.022523998841453063, 0.34711334857766263, 0.15364027817838635, -0.026973827256701173, 3.0, 
3

0.007620031446541109, -0.06232689937106939, -0.023909968553458893, 0.03618010062893062, 0.054454031446541096, -0.031482899371069406, -0.00114868132512852, 0.020798460054415435, 0.3279948853335653, 0.10814422041170026, -0.020988191508074964, 0.0, 
2

0.013228748427672965, -0.05420843396226405, -0.024489251572327064, 0.03547056603773591, 0.05307674842767296, -0.033309433962264046, -0.000836702083165497, 0.022097053668450606, 0.30811199484006324, 0.09799091208363037, 0.02028945147252615, 1.0, 
3

0.020703031446540954, -0.04840815723270431, -0.028997968553459097, 0.03419284276729562, 0.05942103144654093, -0.030175157232704364, -0.0020589319048846533, 0.023931146673470405, 0.28635225580314516, 0.16285892416088565, 0.09911225816137537, 2.0, 
0

0.019826566037736026, -0.062140150943396755, -0.034645433962263994, 0.03402984905660322, 0.07029456603773598, -0.016047150943396815, -5.409792151245263e-06, 0.020137929742764515, 0.26928160360625925, 0.21537291411187265, 0.09098834007242508, 3.0, 
0

0.009203050314465555, -0.07568396855345949, -0.032526949685534434, 0.02752803144654059, 0.08116505031446558, 0.005563031446540578, 0.01141404688750336, 0.009066474332409258, 0.2683311847745841, 0.23533806285989536, 0.07408411203527508, 0.0, 
0

0.004673622641509667, -0.07311511320754727, -0.023391377358490284, 0.019036886792452745, 0.07631462264150968, 0.010136886792452726, 0.006892206942917312, 0.014105336942491387, 0.2614072802950711, 0.20135808711106204, 0.019226168145642666, 1.0, 
0

0.014309421383647658, -0.07165913207547148, -0.032377578616352265, 0.026761867924528504, 0.07519242138364768, -2.9132075471505203e-05, -0.0009067069708753595, 0.021157175948339657, 0.2447957441930609, 0.14183108852748297, -0.007600508633765663, 2.0, 
3

0.027697503144653912, -0.05707445911949682, -0.03551749685534611, 0.0270125408805032, 0.06424650314465391, -0.01143445911949681, -0.0052463771144884985, 0.0236735004980535, 0.22407911203531955, 0.12853408107870964, 0.04051113706570636, 3.0, 
3

0.03394291194968585, -0.04867121383647799, -0.03712208805031414, 0.024244786163521992, 0.06093691194968581, -0.011208213836477965, -0.0033615418950762033, 0.021542626947448906, 0.20696207051984547, 0.1374667485664697, 0.07165577661613216, 0.0, 
0

0.03814338993710664, -0.03790110062893104, -0.03729161006289339, 0.020856899371068938, 0.053842389937106605, -0.01316410062893103, -0.0055156376791565265, 0.021773779938776272, 0.18894333509047756, 0.13824567527536435, 0.06860882789527278, 1.0, 
0

0.04002018238993721, -0.026566603773584885, -0.03798181761006281, 0.017154396226415125, 0.0506101823899372, -0.012255603773584922, -0.014188893451134943, 0.02651538843712886, 0.16211181829894467, 0.14634920888123568, 0.08572597166635786, 2.0, 
3

0.047695182389937085, -0.03162111949685498, -0.044848817610062874, 0.015287880503145002, 0.06249018238993709, -0.0017871194968549498, -0.0183966707699581, 0.02540702326489308, 0.13339860432956602, 0.15614000407324619, 0.09569979084865017, 3.0, 
3

0.04806018238993648, -0.020386641509434145, -0.04451681761006343, 0.009545358490565925, 0.059950182389936546, 0.0024913584905659203, -0.014864571036103391, 0.020410950976475273, 0.11129467841780043, 0.173225715968265, 0.11730036257144236, 0.0, 
3

0.049213088050314435, -0.013261798742138398, -0.04445291194968548, 0.0025382012578616386, 0.0586860880503145, 0.013037201257861564, -0.012470398118754944, 0.01715948646274612, 0.09397233437885914, 0.20762322086385582, 0.15418634233257877, 1.0, 
3

0.056134691823900074, -0.0114345345911947, -0.04617330817609999, -0.004734534591194772, 0.05698469182389998, 0.0276994654088053, -0.011530718481110536, 0.014578634850751837, 0.07979904164599172, 0.22786105668681905, 0.15921794730955913, 2.0, 
0

-0.06412388679245318, 0.013578559748428032, 0.045885113207546735, 0.01263255974842803, -0.04892988679245325, -0.049182440251572035, 0.005869301822229889, -0.01317586546549776, 0.07336898808364041, 0.22539071338288535, 0.16647173060502882, 3.0, 
0

-0.07221190566037783, 0.023816132075471952, 0.037922094339622237, 0.017359132075471906, -0.02947790566037778, -0.07540786792452803, -0.007466853362543047, -0.01632643923699928, 0.08308773741185116, 0.19239062681729335, 0.16063354405051958, 0.0, 
0

-0.06595830817610038, 0.015604150943395956, 0.026793691823899568, 0.01690015094339603, -0.018216308176100426, -0.07578384905660396, -0.0006017709383057124, -0.015050723514442144, 0.08840039636277797, 0.16118186725790482, 0.133437758779184, 1.0, 
0

-0.06580669182389909, -0.003509522012578259, 0.03446030817610091, 0.025583477987421777, -0.023381691823899042, -0.06896652201257825, 0.009954226567383428, -0.009334418815288181, 0.0838208294255706, 0.08760547224907678, 0.0758977932889724, 2.0, 
0

-0.06926299371069189, -0.014093584905660483, 0.034842006289308114, 0.03362741509433953, -0.01682899371069191, -0.06827958490566044, 0.012523109598389093, -0.004893716376879187, 0.07646932430614413, 0.07591573181044124, 0.12903879154402104, 3.0, 
0

-0.07578853459119483, -0.011511452830188396, 0.029089465408805082, 0.0341395471698116, 0.0004064654088051789, -0.07677045283018835, 0.0010248841581563806, -0.015353663239704995, 0.0863798787201805, 0.02838988087270916, 0.09743782183809614, 0.0, 
0

-0.061690484276729296, -0.014853798742138324, 0.019734515723270674, 0.025847201257861663, 0.0018025157232707256, -0.06579979874213837, 0.004830013653462584, -0.012403778887093986, 0.09311622913659652, -0.04610022055680976, 0.05360804729311381, 1.0, 
0

-0.05782506289308176, -0.028345943396226314, 0.024179937106918237, 0.03597405660377373, -0.003608062893081687, -0.06835394339622636, 0.011992155213322087, -0.0009452064598952648, 0.08768108300424207, -0.1046355633832719, 0.06030093412750971, 2.0, 
0

-0.058439194968553654, -0.03524440880503099, 0.023682805031446374, 0.04279959119496901, 0.0021598050314464157, -0.07024840880503103, 0.011862612998216004, 0.005739450510838351, 0.07744963480546285, -0.11908086532544157, 0.08638336625486165, 3.0, 
0

-0.0648828930817612, -0.033352283018867834, 0.01871210691823877, 0.041273716981132136, 0.02047410691823881, -0.07460928301886793, 0.0026570682474712504, -0.008301060813236227, 0.08432318551412551, -0.10565421912797303, 0.07975560530319774, 0.0, 
0

-0.05368364150943383, -0.031637930817609905, 0.011289358490566115, 0.030353069182390113, 0.02049735849056611, -0.06286293081760985, 0.0040485797748991414, -0.004617296886474276, 0.08759278127111482, -0.09657770974963713, 0.0695691603430362, 1.0, 
0

-0.0496681006289309, -0.04391612578616366, 0.012435899371069148, 0.04073987421383629, 0.0175768993710691, -0.06567012578616371, 0.007186905226547413, 0.007145303401169145, 0.07900816207484225, -0.10152204068452819, 0.05981303864161239, 2.0, 
1

-0.039412408805031385, -0.05115586792452809, 0.00906259119496855, 0.04703613207547197, 0.024785591194968593, -0.06681686792452801, 0.006333099074797177, 0.013717104073165065, 0.06442316794064448, -0.0508656378680393, 0.10592699308718671, 3.0, 
3

-0.017277540880503373, -0.04922066037735828, -0.0009655408805033794, 0.043298339622641624, 0.029584459119496698, -0.06057266037735831, 0.001536569738129212, 0.004520731018257895, 0.05973939561592775, 0.14681936828335218, 0.21263653871587143, 0.0, 
0

-0.0032722138364777997, -0.0465841194968557, -0.0091562138364778, 0.03936488050314435, 0.03200678616352215, -0.05007111949685561, -0.0015333727275461673, 0.00764440517424847, 0.05240291742419881, 0.40022868371502074, 0.2062389436217046, 1.0, 
0

0.008602572327043978, -0.05034057861635166, -0.014950427672956068, 0.03948442138364827, 0.027688572327043914, -0.04439857861635166, -0.007139880882330529, 0.018279936107436612, 0.0370320548222365, 0.8115190743241832, 0.13342413579909732, 2.0, 
0

0.0016491886792457944, -0.0688100566037737, -0.02334881132075417, 0.043829943396226256, 0.04971818867924582, -0.03973705660377369, -0.01134376434021278, 0.017531086679698382, 0.03167163538985398, 1.5371977468688116, 0.12751568386213882, 3.0, 
0

